8.424072566526e+16,8.655437295237e+17,6.566193810180e+11,4.874398283924e+18,5.247120190022e+20,5.474872531918e+33,2.255867171498e+29,2.798341297537e+10,
8.426443431195e+16,8.806463416825e+17,6.566193810180e+11,6.992801264636e+18,7.068755892347e+20,5.474872531918e+33,2.255867171498e+29,3.213666818961e+10,
8.428898391506e+16,8.960124747775e+17,6.566193810180e+11,1.001886060354e+19,9.511447827449e+20,5.474872531918e+33,2.255867171498e+29,3.690634316972e+10,
8.431440453561e+16,9.116467269064e+17,6.566193810180e+11,1.433581729132e+19,1.278297529198e+21,5.474872531918e+33,2.255867171498e+29,4.238392599148e+10,
8.434072732581e+16,9.275537763975e+17,6.566193810180e+11,2.048630127803e+19,1.715927532271e+21,5.474872531918e+33,2.255867171498e+29,4.867448325049e+10,
8.436798456981e+16,9.437383832099e+17,6.566193810180e+11,2.923759379875e+19,2.300634400880e+21,5.474872531918e+33,2.255867171498e+29,5.589867536524e+10,
8.439620972617e+16,9.602053903579e+17,6.566193810180e+11,4.167318324567e+19,3.080902466698e+21,5.474872531918e+33,2.255867171498e+29,6.419507098839e+10,
8.442543747188e+16,9.769597253598e+17,6.566193810180e+11,5.932103205003e+19,4.120879962362e+21,5.474872531918e+33,2.255867171498e+29,7.372280491940e+10,
8.445570374818e+16,9.940064017131e+17,6.566193810180e+11,8.433302825779e+19,5.505333744970e+21,5.474872531918e+33,2.255867171498e+29,8.466463050048e+10,
8.448704580829e+16,1.011350520394e+18,6.566193810180e+11,1.197357027383e+20,7.346136833427e+21,5.474872531918e+33,2.255867171498e+29,9.723042504446e+10,
8.451950226688e+16,1.028997271384e+18,6.566193810180e+11,1.697800332589e+20,9.790751971306e+21,5.474872531918e+33,2.255867171498e+29,1.116612155329e+11,
8.455311315171e+16,1.046951935224e+18,6.566193810180e+11,2.404288261123e+20,1.303331097532e+22,5.474872531918e+33,2.255867171498e+29,1.282338018020e+11,
8.458791995719e+16,1.065219884592e+18,6.566193810180e+11,3.400348520019e+20,1.732906538083e+22,5.474872531918e+33,2.255867171498e+29,1.472660658952e+11,
8.462396570022e+16,1.083806585912e+18,6.566193810180e+11,4.802830985364e+20,2.301320979130e+22,5.474872531918e+33,2.255867171498e+29,1.691230694208e+11,
8.466129497826e+16,1.102717600993e+18,6.566193810180e+11,6.774982066088e+20,3.052536928197e+22,5.474872531918e+33,2.255867171498e+29,1.942240558708e+11,
8.469995402974e+16,1.121958588687e+18,6.566193810180e+11,9.544561284912e+20,4.044141384015e+22,5.474872531918e+33,2.255867171498e+29,2.230504922132e+11,
8.473999079703e+16,1.141535306587e+18,6.566193810180e+11,1.342891010547e+21,5.351473849657e+22,5.474872531918e+33,2.255867171498e+29,2.561553040043e+11,
8.478145499189e+16,1.161453612749e+18,6.566193810180e+11,1.886959318505e+21,7.072975579077e+22,5.474872531918e+33,2.255867171498e+29,2.941734811633e+11,
8.482439816374e+16,1.181719467443e+18,6.566193810180e+11,2.648020131939e+21,9.337112323569e+22,5.474872531918e+33,2.255867171498e+29,3.378342578386e+11,
8.486887377067e+16,1.202338934939e+18,6.566193810180e+11,3.711222587521e+21,1.231132175565e+23,5.474872531918e+33,2.255867171498e+29,3.879750999922e+11,
8.491493725348e+16,1.223318185320e+18,6.566193810180e+11,5.194571133063e+21,1.621356264153e+23,5.474872531918e+33,2.255867171498e+29,4.455577689989e+11,
8.496264611280e+16,1.244663496330e+18,6.566193810180e+11,7.261383392077e+21,2.132720284516e+23,5.474872531918e+33,2.255867171498e+29,5.116867693809e+11,
8.501205998947e+16,1.266381255251e+18,6.566193810180e+11,1.013738667268e+22,2.802018633616e+23,5.474872531918e+33,2.255867171498e+29,5.876305345270e+11,
8.506324074830e+16,1.288477960814e+18,6.566193810180e+11,1.413414790587e+22,3.676967677401e+23,5.474872531918e+33,2.255867171498e+29,6.748457567631e+11,
8.511625256543e+16,1.310960225145e+18,6.566193810180e+11,1.968113887780e+22,4.819370101314e+23,5.474872531918e+33,2.255867171498e+29,7.750053284547e+11,
8.517116201941e+16,1.333834775743e+18,6.566193810180e+11,2.736955869789e+22,6.309172759584e+23,5.474872531918e+33,2.255867171498e+29,8.900304300854e+11,
8.522803818621e+16,1.357108457494e+18,6.566193810180e+11,3.801214164050e+22,8.249663490705e+23,5.474872531918e+33,2.255867171498e+29,1.022127380798e+12,
8.528695273833e+16,1.380788234715e+18,6.566193810180e+11,5.272466846491e+22,1.077411784950e+24,5.474872531918e+33,2.255867171498e+29,1.173829958238e+12,
8.534798004824e+16,1.404881193247e+18,6.566193810180e+11,7.303690327509e+22,1.405428911230e+24,5.474872531918e+33,2.255867171498e+29,1.348047999438e+12,
8.541119729629e+16,1.429394542563e+18,6.566193810180e+11,1.010433693034e+23,1.831123846666e+24,5.474872531918e+33,2.255867171498e+29,1.548123214983e+12,
8.547668458349e+16,1.454335617938e+18,6.566193810180e+11,1.396079861830e+23,2.382913224106e+24,5.474872531918e+33,2.255867171498e+29,1.777893287010e+12,
8.554452504911e+16,1.479711882634e+18,6.566193810180e+11,1.926414242644e+23,3.097279585422e+24,5.474872531918e+33,2.255867171498e+29,2.041765480553e+12,
8.561480499368e+16,1.505530930139e+18,6.566193810180e+11,2.654764938282e+23,4.021001789335e+24,5.474872531918e+33,2.255867171498e+29,2.344801180159e+12,
8.568761400742e+16,1.531800486437e+18,6.566193810180e+11,3.653755152617e+23,5.213985227416e+24,5.474872531918e+33,2.255867171498e+29,2.692812973303e+12,
8.576304510444e+16,1.558528412320e+18,6.566193810180e+11,5.022151194176e+23,6.752848400612e+24,5.474872531918e+33,2.255867171498e+29,3.092476142773e+12,
8.584119486308e+16,1.585722705741e+18,6.566193810180e+11,6.894092408712e+23,8.735461971548e+24,5.474872531918e+33,2.255867171498e+29,3.551456706588e+12,
8.592216357263e+16,1.613391504207e+18,6.566193810180e+11,9.451514227694e+23,1.128668562341e+25,5.474872531918e+33,2.255867171498e+29,4.078558461394e+12,
8.600605538678e+16,1.641543087215e+18,6.566193810180e+11,1.294084570977e+24,1.456560919028e+25,5.474872531918e+33,2.255867171498e+29,4.683891849829e+12,
8.609297848419e+16,1.670185878725e+18,6.566193810180e+11,1.769542105319e+24,1.877468035140e+25,5.474872531918e+33,2.255867171498e+29,5.379067890912e+12,
8.618304523655e+16,1.699328449689e+18,6.566193810180e+11,2.416551847109e+24,2.417119509668e+25,5.474872531918e+33,2.255867171498e+29,6.177420893291e+12,
8.627637238445e+16,1.728979520606e+18,6.566193810180e+11,3.295856607511e+24,3.108174331597e+25,5.474872531918e+33,2.255867171498e+29,7.094264223237e+12,
8.637308122160e+16,1.759147964139e+18,6.566193810180e+11,4.489288074953e+24,3.992034528991e+25,5.474872531918e+33,2.255867171498e+29,8.147184033350e+12,
8.647329778781e+16,1.789842807769e+18,6.566193810180e+11,6.106939472542e+24,5.121119171214e+25,5.474872531918e+33,2.255867171498e+29,9.356376586012e+12,
8.657715307121e+16,1.821073236491e+18,6.566193810180e+11,8.296725686739e+24,6.561711761567e+25,5.474872531918e+33,2.255867171498e+29,1.074503564188e+13,
8.668478322016e+16,1.852848595569e+18,6.566193810180e+11,1.125710771857e+25,8.397520826828e+25,5.474872531918e+33,2.255867171498e+29,1.233979734396e+13,
8.679632976550e+16,1.885178393329e+18,6.566193810180e+11,1.525400509751e+25,1.073412637070e+26,5.474872531918e+33,2.255867171498e+29,1.417125113077e+13,
8.691193985366e+16,1.918072304004e+18,6.566193810180e+11,2.064324311792e+25,1.370452513572e+26,5.474872531918e+33,2.255867171498e+29,1.627452647831e+13,
8.703176649126e+16,1.951540170631e+18,6.566193810180e+11,2.790030444662e+25,1.747603691271e+26,5.474872531918e+33,2.255867171498e+29,1.868996672553e+13,
8.715596880182e+16,1.985592007995e+18,6.566193810180e+11,3.765970659053e+25,2.225889437539e+26,5.474872531918e+33,2.255867171498e+29,2.146390290783e+13,
8.728471229536e+16,2.020238005626e+18,6.566193810180e+11,5.076704634732e+25,2.831691241988e+26,5.474872531918e+33,2.255867171498e+29,2.464954244181e+13,
8.741816915151e+16,2.055488530847e+18,6.566193810180e+11,6.834768922962e+25,3.598072253635e+26,5.474872531918e+33,2.255867171498e+29,2.830798970716e+13,
8.755651851709e+16,2.091354131878e+18,6.566193810180e+11,9.189729969422e+25,4.566416667222e+26,5.474872531918e+33,2.255867171498e+29,3.250941810188e+13,
8.769994681888e+16,2.127845540992e+18,6.566193810180e+11,1.234009886994e+26,5.788457735310e+26,5.474872531918e+33,2.255867171498e+29,3.733441605200e+13,
8.784864809246e+16,2.164973677727e+18,6.566193810180e+11,1.654899036691e+26,7.328783128105e+26,5.474872531918e+33,2.255867171498e+29,4.287553279409e+13,
8.800282432830e+16,2.202749652150e+18,6.566193810180e+11,2.216467368238e+26,9.267925791424e+26,5.474872531918e+33,2.255867171498e+29,4.923905358038e+13,
8.816268583582e+16,2.241184768187e+18,6.566193810180e+11,2.964750529420e+26,1.170617194188e+27,5.474872531918e+33,2.255867171498e+29,5.654703835718e+13,
8.832845162683e+16,2.280290527001e+18,6.566193810180e+11,3.960517563482e+26,1.476824619133e+27,5.474872531918e+33,2.255867171498e+29,6.493966302071e+13,
8.850034981929e+16,2.320078630437e+18,6.566193810180e+11,5.283877088476e+26,1.860906796411e+27,5.474872531918e+33,2.255867171498e+29,7.457790815861e+13,
8.867861806283e+16,2.360560984520e+18,6.566193810180e+11,7.040288311370e+26,2.342081448938e+27,5.474872531918e+33,2.255867171498e+29,8.564664685032e+13,
8.886350398727e+16,2.401749703022e+18,6.566193810180e+11,9.368394216458e+26,2.944157505217e+27,5.474872531918e+33,2.255867171498e+29,9.835819075407e+13,
8.905526567565e+16,2.443657111082e+18,6.566193810180e+11,1.245021481675e+27,3.696594044417e+27,5.474872531918e+33,2.255867171498e+29,1.129563624986e+14,
8.925417216330e+16,2.486295748899e+18,6.566193810180e+11,1.652439269285e+27,4.635794252227e+27,5.474872531918e+33,2.255867171498e+29,1.297211724931e+14,
8.946050396463e+16,2.529678375480e+18,6.566193810180e+11,2.190338033223e+27,5.806684363748e+27,5.474872531918e+33,2.255867171498e+29,1.489741898619e+14,
8.967455362938e+16,2.573817972461e+18,6.566193810180e+11,2.899571058862e+27,7.264637699343e+27,5.474872531918e+33,2.255867171498e+29,1.710847105255e+14,
8.989662633040e+16,2.618727747992e+18,6.566193810180e+11,3.833481247426e+27,9.077815972246e+27,5.474872531918e+33,2.255867171498e+29,1.964768407382e+14,
9.012704048474e+16,2.664421140687e+18,6.566193810180e+11,5.061624280126e+27,1.133001441225e+28,5.474872531918e+33,2.255867171498e+29,2.256376319538e+14,
9.036612841056e+16,2.710911823645e+18,6.566193810180e+11,6.674572290400e+27,1.412411431536e+28,5.474872531918e+33,2.255867171498e+29,2.591264230553e+14,
9.061423702209e+16,2.758213708544e+18,6.566193810180e+11,8.790102763723e+27,1.758626686912e+28,6.520410143133e+33,2.731349104597e+29,2.975855691448e+14,
9.087172856513e+16,2.806340949803e+18,6.566193810180e+11,1.156116071330e+28,2.187095606792e+28,9.585265138670e+33,4.167514225949e+29,3.417527626826e+14,
9.113898139600e+16,2.855307948816e+18,6.566193810180e+11,1.518608754838e+28,2.716711686064e+28,1.393973527307e+34,6.291540233742e+29,3.924751833124e+14,
9.141639080685e+16,2.905129358266e+18,6.566193810180e+11,1.992174308035e+28,3.370551810239e+28,2.006047965454e+34,9.399661222862e+29,4.507257477802e+14,
9.170436990038e+16,2.955820086501e+18,6.566193810180e+11,2.610031479783e+28,4.176765926545e+28,2.857445803326e+34,1.390070376352e+30,5.176217716429e+14,
9.200335051762e+16,3.007395302004e+18,6.566193810180e+11,3.415081958152e+28,5.169647618329e+28,4.029734336217e+34,2.035276777372e+30,5.944464007177e+14,
9.231378422233e+16,3.059870437927e+18,6.566193810180e+11,4.462656821244e+28,6.390920548405e+28,5.627904248234e+34,2.950962741858e+30,6.826732233550e+14,
9.263614334606e+16,3.113261196711e+18,6.566193810180e+11,5.824019571688e+28,7.891282110999e+28,7.785694041943e+34,4.237870889921e+30,7.839945356273e+14,
9.297092209820e+16,3.167583554783e+18,6.566193810180e+11,7.590827730921e+28,9.732253089792e+28,1.067173763518e+35,6.029265204613e+30,9.003538015929e+14,
9.331863774560e+16,3.222853767341e+18,6.566193810180e+11,9.880807083368e+28,1.198839083029e+29,1.449657143210e+35,8.499656898030e+30,1.033982931264e+15,
9.367983186690e+16,3.279088373210e+18,6.566193810180e+11,1.284495772929e+29,1.474993359091e+29,1.952051907875e+35,1.187531593879e+31,1.187445091312e+15,
9.405507168696e+16,3.336304199800e+18,6.566193810180e+11,1.667669221860e+29,1.812595555757e+29,2.606245081882e+35,1.644678114755e+31,1.363683869671e+15,
9.444495149718e+16,3.394518368137e+18,6.566193810180e+11,2.162340699054e+29,2.224812573928e+29,3.450939051725e+35,2.258356944176e+31,1.566079737083e+15,
9.485009416826e+16,3.453748297984e+18,6.566193810180e+11,2.800111378514e+29,2.727517988798e+29,4.532691789621e+35,3.075126179107e+31,1.798514888566e+15,
9.527115276212e+16,3.514011713060e+18,6.566193810180e+11,3.621291331102e+29,3.339823302060e+29,5.907028740612e+35,4.153110862389e+31,2.065447708569e+15,
9.570881225058e+16,3.575326646336e+18,6.566193810180e+11,4.677228619578e+29,4.084708142181e+29,7.639615966420e+35,5.564225012924e+31,2.371998288118e+15,
9.616379134876e+16,3.637711445438e+18,6.566193810180e+11,6.033241457886e+29,4.989766757137e+29,9.807481785342e+35,7.396658700028e+31,2.724046634292e+15,
9.663684447209e+16,3.701184778133e+18,6.566193810180e+11,7.772304193392e+29,6.088090971759e+29,1.250027212175e+36,9.757626518005e+31,3.128345455800e+15,
9.712876382647e+16,3.765765637916e+18,6.566193810180e+11,9.999674134291e+29,7.419313030728e+29,1.582152320859e+36,1.277636553150e+32,3.592649688013e+15,
9.764038164179e+16,3.831473349693e+18,6.566193810180e+11,1.284869086549e+30,9.030835473894e+29,1.988993428438e+36,1.660736158463e+32,4.125865241913e+15,
9.817257256024e+16,3.898327575566e+18,6.566193810180e+11,1.648803451067e+30,1.097927945444e+30,2.484062258458e+36,2.143377306308e+32,4.738219830123e+15,
9.872625619147e+16,3.966348320716e+18,6.566193810180e+11,2.113079662277e+30,1.333218778090e+30,3.082634330998e+36,2.747101109910e+32,5.441459146677e+15,
9.930239984804e+16,4.035555939385e+18,6.566193810180e+11,2.704579969206e+30,1.617002451599e+30,3.801865839588e+36,3.497042519768e+32,6.249072163499e+15,
9.990202147560e+16,4.105971140972e+18,6.566193810180e+11,3.457170186682e+30,1.958851928180e+30,4.660903980340e+36,4.422303376021e+32,7.176549865023e+15,
1.005261927935e+17,4.177614996230e+18,6.566193810180e+11,4.413454624662e+30,2.370141159182e+30,5.680989567491e+36,5.556323042834e+32,8.241682383826e+15,
1.011760426630e+17,4.250508943565e+18,6.566193810180e+11,5.626956366260e+30,2.864365865518e+30,6.885551097081e+36,6.937239000298e+32,9.464900236661e+15,
1.018527607023e+17,4.324674795460e+18,6.566193810180e+11,7.164821973908e+30,3.457517928386e+30,8.300289804093e+36,8.608229232019e+32,1.086966620623e+16,
1.025576011681e+17,4.400134744993e+18,6.566193810180e+11,9.111171784823e+30,4.168521689659e+30,9.953255686097e+36,1.061782792501e+33,1.248292538544e+16,
1.032918871267e+17,4.476911372485e+18,6.566193810180e+11,1.157124372014e+31,5.019741627823e+30,1.187491492490e+37,1.302020592158e+33,1.433562201653e+16,
1.040570149384e+17,4.555027652254e+18,6.566193810180e+11,1.467651091366e+31,6.037572185555e+30,1.409820961245e+37,1.587540755116e+33,1.646329303871e+16,
1.048544590830e+17,4.634506959489e+18,6.566193810180e+11,1.859099257800e+31,7.253121993360e+30,1.665861116409e+37,1.924953593336e+33,1.890674972918e+16,
1.056857773545e+17,4.715373077247e+18,6.566193810180e+11,2.351902468481e+31,8.703006375309e+30,1.959416926679e+37,2.321487958118e+33,2.171286051223e+16,
1.065526164577e+17,4.797650203567e+18,6.566193810180e+11,2.971481379846e+31,1.043026385406e+31,2.294555865057e+37,2.784997413284e+33,2.493544995184e+16,
1.074567180416e+17,4.881362958712e+18,6.566193810180e+11,3.749416560531e+31,1.248541440997e+31,2.675612637639e+37,3.323959427861e+33,2.863633117112e+16,
1.083999252079e+17,4.966536392540e+18,6.566193810180e+11,4.724886148404e+31,1.492767951073e+31,3.107194269588e+37,3.947467239257e+33,3.288649150209e+16,
1.093841895374e+17,5.053195991992e+18,6.566193810180e+11,5.946425440590e+31,1.782638643231e+31,3.594185885101e+37,4.665214198470e+33,3.776745410766e+16,
1.104115786801e+17,5.141367688726e+18,6.566193810180e+11,7.474077251147e+31,2.126258215716e+31,4.141757544315e+37,5.487470580855e+33,4.337284169348e+16,
1.114842845599e+17,5.231077866871e+18,6.566193810180e+11,9.382015836290e+31,2.533088518179e+31,4.755372521025e+37,6.425053023868e+33,4.981017230353e+16,
1.126046322509e+17,5.322353370928e+18,6.566193810180e+11,1.176174381777e+32,3.014160691084e+31,5.440797421106e+37,7.489286931437e+33,5.720292164485e+16,
1.137750895858e+17,5.415221513797e+18,6.566193810180e+11,1.472598130397e+32,3.582317797935e+31,6.204114553179e+37,8.691962357536e+33,6.569289149951e+16,
1.149982775647e+17,5.509710084954e+18,6.566193810180e+11,1.841338986473e+32,4.252491884597e+31,7.051736971016e+37,1.004528404374e+34,7.544292965242e+16,
1.162769816399e+17,5.605847358764e+18,6.566193810180e+11,2.299430179634e+32,5.042019835680e+31,7.990426612453e+37,1.156181643211e+34,8.664005350691e+16,
1.176141639582e+17,5.703662102945e+18,6.566193810180e+11,2.867765795387e+32,5.971002870756e+31,9.027315963063e+37,1.325442460139e+34,9.949903730228e+16,
1.190129766525e+17,5.803183587172e+18,6.566193810180e+11,3.571939617747e+32,7.062715034719e+31,1.016993367592e+38,1.513621217771e+34,1.142665317409e+17,
1.204767762833e+17,5.904441591838e+18,6.566193810180e+11,4.443257797596e+32,8.344066588007e+31,1.142623458244e+38,1.722045734809e+34,1.312257950439e+17,
1.220091395410e+17,6.007466416967e+18,6.566193810180e+11,5.519959477490e+32,9.846128794804e+31,1.280463453479e+38,1.952054815475e+34,1.507021261829e+17,
1.236138803331e+17,6.112288891276e+18,6.566193810180e+11,6.848685797349e+32,1.160472724126e+32,1.431405052939e+38,2.204991826928e+34,1.730691045039e+17,
1.252950683916e+17,6.218940381407e+18,6.566193810180e+11,8.486245075168e+32,1.366111149149e+32,1.596394657373e+38,2.482198443922e+34,1.987557554259e+17,
1.270570495514e+17,6.327452801306e+18,6.566193810180e+11,1.050173056963e+33,1.606270960645e+32,1.776438577773e+38,2.785008676616e+34,2.282547796624e+17,
1.289044678692e+17,6.437858621776e+18,6.566193810180e+11,1.297905727730e+33,1.886397680837e+32,1.972608917595e+38,3.114743291636e+34,2.621320038110e+17,
1.308422897663e+17,6.550190880195e+18,6.566193810180e+11,1.601999591109e+33,2.212734837093e+32,2.186050181994e+38,3.472704728491e+34,3.010372335842e+17,
1.328758304031e+17,6.664483190398e+18,6.566193810180e+11,1.974779579163e+33,2.592430764836e+32,2.417986672164e+38,3.860172603550e+34,3.457167178617e+17,
1.350107825145e+17,6.780769752740e+18,6.566193810180e+11,2.431150413374e+33,3.033658102455e+32,2.669730728034e+38,4.278399882411e+34,3.970274626366e+17,
1.372532479609e+17,6.899085364326e+18,6.566193810180e+11,2.989110743276e+33,3.545747245934e+32,2.942691888713e+38,4.728609788962e+34,4.559536694164e+17,
1.396097722798e+17,7.019465429427e+18,6.566193810180e+11,3.670364169594e+33,4.139335122980e+32,3.238387047492e+38,5.211993506185e+34,5.236256133863e+17,
1.420873825532e+17,7.141945970070e+18,6.566193810180e+11,4.501044250572e+33,4.826530740227e+32,3.558451686763e+38,5.729708710163e+34,6.013413234399e+17,
1.446936289443e+17,7.266563636821e+18,6.566193810180e+11,5.512573377298e+33,5.621099051798e+32,3.904652288194e+38,6.282878965172e+34,6.905914799277e+17,
1.474366302975e+17,7.393355719752e+18,6.566193810180e+11,6.742678601387e+33,6.538664792291e+32,4.278900024911e+38,6.872593994553e+34,7.930880076902e+17,
1.503251242396e+17,7.522360159595e+18,6.566193810180e+11,8.236591158708e+33,7.596938010862e+32,4.683265855449e+38,7.499910829523e+34,9.107969128258e+17,
1.533685222754e+17,7.653615559101e+18,6.566193810180e+11,1.004846061373e+34,8.815963134399e+32,5.119997153916e+38,8.165855826508e+34,1.045975993042e+18,
1.565769704253e+17,7.787161194588e+18,6.566193810180e+11,1.224301931374e+34,1.021839347526e+33,5.591536027422e+38,8.871427533151e+34,1.201218144915e+18,
1.599614160197e+17,7.923037027695e+18,6.566193810180e+11,1.489753825975e+34,1.182979318108e+33,6.100539490418e+38,9.617600374026e+34,1.379501098756e+18,
4.483001840611e+17,8.061283717339e+18,6.566193810180e+11,1.810412164687e+34,1.367896869900e+33,6.649901686433e+38,1.040532911945e+35,1.584244535038e+18,
4.642228380339e+18,8.201942631882e+18,6.566193810180e+11,2.197239428169e+34,1.579833189197e+33,7.242778370982e+38,1.123555409462e+35,1.819375677960e+18,
4.446555844762e+19,8.345055861511e+18,6.566193810180e+11,2.663264393723e+34,1.822429699897e+33,7.882613895442e+38,1.210920708162e+35,2.089404624315e+18,
3.950322943880e+20,8.490666230832e+18,6.566193810180e+11,3.223948954894e+34,2.099771367054e+33,8.573170960639e+38,1.302721786399e+35,2.399510852538e+18,
3.263515409229e+21,8.638817311684e+18,2.604291047471e+12,3.897615609059e+34,2.416433833467e+33,9.318563441262e+38,1.399052136156e+35,2.755642571306e+18,
2.513492443992e+22,8.789553436178e+18,2.603074108222e+13,4.705944810089e+34,2.777534615147e+33,1.012329261820e+39,1.500006530353e+35,3.164630813303e+18,
1.809115515337e+23,8.942919709963e+18,2.405944621152e+14,5.674552627336e+34,3.188788579652e+33,1.099228719607e+39,1.605681838850e+35,3.634320462598e+18,
1.219759819449e+24,9.098962025723e+18,2.061782714026e+15,6.833660538890e+34,3.656567926793e+33,1.193094752788e+39,1.716177888264e+35,4.173720728920e+18,
7.721291392322e+24,9.257727076909e+18,1.642385549496e+16,8.218870728468e+34,4.187966883850e+33,1.294519451883e+39,1.831598361062e+35,4.793177955078e+18,
4.599052606357e+25,1.230981560743e+19,1.219161092725e+17,9.872061963739e+34,4.790871316778e+33,1.404152373661e+39,1.952051729808e+35,5.504574072207e+18,
2.583050565054e+26,7.247663370689e+19,8.453624478899e+17,1.184242302205e+35,5.474033444588e+33,1.522706531792e+39,2.077652222947e+35,6.321554509428e+18,
1.370805881355e+27,4.035087446934e+20,5.488167663489e+18,1.418764270994e+35,6.247151825820e+33,1.650965032996e+39,2.208520819114e+35,7.259789929514e+18,
6.887476746148e+27,2.128547523936e+21,3.343388167766e+19,1.697527780808e+35,7.120956763304e+33,1.789788432310e+39,2.344786267529e+35,8.337276810959e+18,
3.282609941323e+28,1.065926384686e+22,1.915405042920e+20,2.028432277544e+35,8.107301246033e+33,1.940122889714e+39,2.486586132754e+35,9.574682641983e+18,
1.486823261862e+29,5.076851927091e+22,1.034085112908e+21,2.420700777690e+35,9.219257514379e+33,2.103009220003e+39,2.634067862746e+35,1.099574234769e+19,
6.411496904873e+29,2.303923481186e+23,5.271696039066e+21,2.885085456783e+35,1.047121929689e+34,2.279592938561e+39,2.787389879873e+35,1.262771355435e+19,
2.636772443651e+30,9.979401435384e+23,2.542667820112e+22,3.434102298653e+35,1.187900972309e+34,2.471135417692e+39,2.946722695266e+35,1.450189942331e+19,
1.035921798500e+31,4.132711292196e+24,1.162497590842e+23,4.082298427817e+35,1.345999486672e+34,2.679026281642e+39,3.112250047614e+35,1.665424908306e+19,
3.894270344380e+31,1.638952867484e+25,5.047168805410e+23,4.846556120749e+35,1.523320281760e+34,2.904797183389e+39,3.284170068227e+35,1.912604717661e+19,
1.402976026022e+32,6.234212725071e+25,2.084587972008e+24,5.746437891460e+35,1.721944811746e+34,3.150137123102e+39,3.462696474916e+35,2.196470575031e+19,
4.851286789674e+32,2.277930440117e+26,8.204395596465e+24,6.804577472804e+35,1.944146132502e+34,3.416909486817e+39,3.648059797922e+35,2.522467367370e+19,
1.612433299311e+33,8.007199585243e+26,3.082046537842e+25,8.047121966781e+35,2.192402339966e+34,3.707171004847e+39,3.840508641852e+35,2.896848103397e+19,
5.158684876751e+33,2.711554324558e+27,1.106843122929e+26,9.504230913897e+35,2.469410450880e+34,4.023192852708e+39,4.040310988243e+35,3.326793853792e+19,
1.590825118817e+34,8.858264596353e+27,3.805851848112e+26,1.121063853200e+36,2.778100677426e+34,4.367484143445e+39,4.247755544052e+35,3.820551492723e+19,
4.734847026069e+34,2.795417382397e+28,1.254811994824e+27,1.320628589694e+36,3.121651037550e+34,4.742818089250e+39,4.463153142056e+35,4.387591882771e+19,
1.361896632748e+35,8.532331786534e+28,3.972707911983e+27,1.553703037816e+36,3.503502232404e+34,5.152261142700e+39,4.686838199772e+35,5.038791537406e+19,
3.790294637764e+35,2.522018420206e+29,1.209413812414e+28,1.825544019866e+36,3.927372711359e+34,5.599205464069e+39,4.919170244226e+35,5.786641245538e+19,
1.021904463299e+36,7.227800904829e+29,3.545049304545e+28,2.142168255625e+36,4.397273833514e+34,6.087405101426e+39,5.160535510513e+35,6.645485659803e+19,
2.672123091393e+36,2.010673765389e+30,1.001815559860e+29,2.510451431633e+36,4.917525022551e+34,6.621016315093e+39,5.411348622805e+35,7.631798444166e+19,
6.784139953843e+36,5.435472588643e+30,2.732822742154e+29,2.938238486018e+36,5.492768799329e+34,7.204642527959e+39,5.672054367150e+35,8.764498258523e+19,
1.674141428535e+37,1.429417925835e+31,7.204685809271e+29,3.434466123820e+36,6.127985563786e+34,7.843384438671e+39,5.943129566135e+35,1.006531164124e+20,
4.019752353590e+37,3.660639644100e+31,1.837817900685e+30,4.009298632793e+36,6.828507984648e+34,8.542895896523e+39,6.225085066209e+35,1.155918975016e+20,
9.400511525721e+37,9.138277675219e+31,4.541094863115e+30,4.674278122101e+36,7.600034842292e+34,9.309446205407e+39,6.518467849306e+35,1.327478695571e+20,
2.143229988220e+38,2.225869631662e+32,1.088076928197e+31,5.442490355122e+36,8.448644156939e+34,1.014998960039e+40,6.823863281199e+35,1.524501046598e+20,
4.768222204575e+38,5.295006936218e+32,2.530776724393e+31,6.328747391485e+36,9.380805421376e+34,1.107224272494e+40,7.141897509937e+35,1.750765152641e+20,
1.036109236948e+39,1.231271084153e+33,5.719816416629e+31,7.349788291115e+36,1.040339074476e+35,1.208477103036e+40,7.473240028696e+35,2.010611030108e+20,
2.200862236428e+39,2.801147283207e+33,1.257385012937e+32,8.524499162913e+36,1.152368470195e+35,1.319708512272e+40,7.818606418390e+35,2.309022833985e+20,
4.573846866358e+39,6.239853194594e+33,2.691050756048e+32,9.874153861148e+36,1.274939267128e+35,1.441974819696e+40,8.178761286533e+35,2.651724459890e+20,
9.307255071940e+39,1.362124028931e+34,5.612269043042e+32,1.142267664182e+37,1.408864743350e+35,1.576449582458e+40,8.554521420100e+35,3.045289335249e+20,
1.855878310758e+40,2.916066941316e+34,1.141563756042e+33,1.319692808732e+37,1.555001379478e+35,1.724436950067e+40,8.946759171428e+35,3.497266505497e+20,
3.629017146455e+40,6.126873789156e+34,2.266606222518e+33,1.522701558835e+37,1.714249098915e+35,1.887386551003e+40,9.356406097728e+35,4.016325433810e+20,
6.963879978861e+40,1.264301757405e+35,4.396658805967e+33,1.754662963581e+37,1.887551260923e+35,2.066910084115e+40,9.784456876359e+35,4.612422291785e+20,
1.312305293192e+41,2.564074790664e+35,8.338437481940e+33,2.019340711848e+37,2.075894380928e+35,2.264799806249e+40,1.023197351979e+36,5.296990930732e+20,
2.430111097952e+41,5.114049099916e+35,1.547371323269e+34,2.320932274456e+37,2.280307552276e+35,2.483049127947e+40,1.070008991616e+36,6.083162196624e+20,
4.424856035676e+41,1.003755921713e+36,2.811731074839e+34,2.664110960180e+37,2.501861543593e+35,2.723875551309e+40,1.119001672339e+36,6.986015795448e+20,
7.927130061234e+41,1.939921163164e+36,5.006484459447e+34,3.054070974144e+37,2.741667546181e+35,2.989746208514e+40,1.170304664731e+36,7.949983727133e+20,
1.398062879528e+42,3.693904991953e+36,8.741213880103e+34,3.496575551178e+37,3.000875546407e+35,3.283406285973e+40,1.224056013669e+36,9.022819155373e+20,
2.428675105919e+42,6.933866966576e+36,1.497545863869e+35,3.998008217635e+37,3.280672298862e+35,3.607910648024e+40,1.280403153107e+36,1.024734578457e+21,
4.157864302468e+42,1.283765468936e+37,2.519056477889e+35,4.565427212641e+37,3.582278877225e+35,3.966659005333e+40,1.339503570023e+36,1.162604190060e+21,
7.018488575080e+42,2.345517052222e+37,4.163086394994e+35,5.206623073590e+37,3.906947781274e+35,4.363435007101e+40,1.401525521788e+36,1.318913361188e+21,
1.168668904663e+43,4.231037409295e+37,6.763536764075e+35,5.930179360716e+37,4.255959580312e+35,4.802449672674e+40,1.466648811571e+36,1.495337351087e+21,
1.920454801176e+43,7.538999796981e+37,1.080850140292e+36,6.745536461553e+37,4.630619075509e+35,5.288389617528e+40,1.535065626825e+36,1.698636314507e+21,
3.115726081893e+43,1.327496129359e+38,1.699941648786e+36,7.663058377920e+37,5.032250966265e+35,5.826470570655e+40,1.606981446368e+36,1.934290858996e+21,
4.992550728000e+43,2.310950380156e+38,2.632781798334e+36,8.694102355607e+37,5.462195008665e+35,6.422496725396e+40,1.682616022081e+36,2.204995918033e+21,
7.903993524791e+43,3.978893369647e+38,4.017311002037e+36,9.851091170132e+37,5.921800657462e+35,7.082926513548e+40,1.762204441798e+36,2.513859367181e+21,
1.236720307493e+44,6.778231295003e+38,6.042483267578e+36,1.114758783076e+38,6.412421186799e+35,7.814945443121e+40,1.845998280616e+36,2.868231624668e+21,
1.913039781271e+44,1.142911961001e+39,8.963282484482e+36,1.259837240948e+38,6.935407288950e+35,8.626546693404e+40,1.934266848512e+36,3.276323882710e+21,
2.926289740855e+44,1.908110205386e+39,1.311883681246e+37,1.421952064186e+38,7.492100154891e+35,9.526620216608e+40,2.027298542941e+36,3.755120304862e+21,
4.427420099721e+44,3.155242140001e+39,1.895388397330e+37,1.602848388305e+38,8.083824045288e+35,1.052505115326e+41,2.125402315907e+36,4.304410051996e+21,
6.626879554800e+44,5.169366454460e+39,2.704375773860e+37,1.804416993441e+38,8.711878365642e+35,1.163282842819e+41,2.228909265965e+36,4.939428765734e+21,
9.814366530547e+44,8.393574361216e+39,3.812295632683e+37,2.028702418545e+38,9.377529264734e+35,1.286216445485e+41,2.338174366612e+36,5.671287198636e+21,
1.438350435273e+45,1.351089715961e+40,5.311721825764e+37,2.277911044162e+38,1.008200078116e+36,1.422662693745e+41,2.453578343693e+36,6.583619951947e+21,
2.086193540144e+45,2.156576876546e+40,7.317887391001e+37,2.554419073189e+38,1.082646556866e+36,1.574128382164e+41,2.575529715713e+36,7.696371592312e+21,
2.994699471594e+45,3.414275730875e+40,9.972506699783e+37,2.860780331177e+38,1.161203523678e+36,1.742286250530e+41,2.704467012334e+36,9.032039283615e+21,
4.254654224626e+45,5.362758513856e+40,1.344782565895e+38,3.199733799794e+38,1.243975034985e+36,1.928992447864e+41,2.840861187943e+36,1.062013081667e+22,
5.982362236106e+45,8.358550584387e+40,1.795082257659e+38,3.574210789075e+38,1.331057013294e+36,2.136305661762e+41,2.985218248866e+36,1.256332931806e+22,
8.324229536286e+45,1.293058219822e+41,2.372746470946e+38,3.987341646182e+38,1.422536194004e+36,2.366508040388e+41,3.138082114766e+36,1.487527429221e+22,
1.146101792286e+46,1.985798975537e+41,3.106690977290e+38,4.442461890663e+38,1.518489054527e+36,2.622128038610e+41,3.300037736901e+36,1.765354783754e+22,
1.561109223769e+46,3.028049642957e+41,4.030552877779e+38,4.943117658736e+38,1.618980732422e+36,2.905965323058e+41,3.471714498312e+36,2.123196632836e+22,
2.103170522993e+46,4.585392613108e+41,5.183061733802e+38,5.493070332107e+38,1.724063939762e+36,3.221117872926e+41,3.653789923675e+36,2.604647046291e+22,
2.801705960528e+46,6.896779850009e+41,6.608365778994e+38,6.096300220338e+38,1.833777881525e+36,3.571011413932e+41,3.846993729531e+36,3.181437287757e+22,
3.689159293385e+46,1.030477129481e+42,8.356299460390e+38,6.757009159981e+38,1.948147186249e+36,3.959431321623e+41,4.052112248915e+36,3.899751368025e+22,
4.799671255220e+46,1.529727192279e+42,1.048257909315e+39,7.479621888766e+38,2.067180857646e+36,4.390557126865e+41,4.269993268124e+36,4.801478493019e+22,
6.166915993633e+46,2.256475277694e+42,1.304891447466e+39,8.268786049153e+38,2.190871256241e+36,4.868999750384e+41,4.501551317498e+36,5.891702063579e+22,
7.820943396130e+46,3.307817549414e+42,1.612302586622e+39,9.985615146464e+38,2.319193120412e+36,5.399841584362e+41,4.747773462734e+36,7.198335176097e+22,
9.783939913091e+46,4.819440355611e+42,1.977855776573e+39,1.201946145507e+39,2.452102636452e+36,5.988679526663e+41,5.009725648425e+36,8.763694218654e+22,
1.206494967367e+47,6.979784694219e+42,2.409488329121e+39,1.437664204316e+39,2.589536567441e+36,6.641671057041e+41,5.288559651366e+36,1.063411186169e+23,
1.465379695651e+47,1.004895294890e+43,2.915679568427e+39,1.709170041005e+39,2.731411450758e+36,7.365583423738e+41,5.585520707663e+36,1.280643041524e+23,
1.751472031802e+47,1.438377781614e+43,3.505408632271e+39,2.020032589035e+39,2.877622874088e+36,8.167845983216e+41,5.901955885026e+36,1.542843217425e+23,
2.058054902764e+47,2.047084059492e+43,4.188101159336e+39,2.373906691486e+39,3.028044839642e+36,9.056605704128e+41,6.239323279861e+36,1.846072285307e+23,
2.374857796041e+47,2.896966954642e+43,4.973565390884e+39,2.774501705273e+39,3.182529226067e+36,1.004078580914e+42,6.599202128033e+36,2.198308922431e+23,
2.687954922013e+47,4.076887901837e+43,5.871918494860e+39,3.225547895217e+39,3.340905357251e+36,1.113014748374e+42,6.983303928594e+36,2.601812299543e+23,
2.980121834255e+47,5.705863628827e+43,6.893504176755e+39,3.730761182899e+39,3.502979686756e+36,1.233535452944e+42,7.393484691540e+36,3.076771759020e+23,
3.231774503102e+47,7.942357445970e+43,8.048802865906e+39,4.293806851993e+39,3.668535606084e+36,1.366804077923e+42,7.831758433878e+36,3.619852487042e+23,
3.422549457556e+47,1.099611133268e+44,9.348335951542e+39,4.918262831491e+39,3.837333384358e+36,1.514088002522e+42,8.300312063280e+36,4.247178120599e+23,
3.608868928404e+47,1.514311102741e+44,1.080256568465e+40,5.607583181039e+39,4.009110246209e+36,1.676765813182e+42,8.801521805497e+36,4.961018835386e+23,
4.236275886275e+47,2.074438405666e+44,1.242179245660e+40,6.365062389207e+39,4.183580593846e+36,1.856334692242e+42,9.337971350815e+36,5.768163328414e+23,
4.948637503920e+47,2.826944963643e+44,1.421605121229e+40,7.193801067193e+39,4.360436378295e+36,2.054417933230e+42,9.912471916529e+36,6.681865662816e+23,
5.753698985039e+47,3.832536857161e+44,1.619500875468e+40,8.096673578833e+39,4.539347623793e+36,2.272772521737e+42,1.052808444692e+37,7.721985631133e+23,
6.659445786820e+47,5.169247883277e+44,1.836786365204e+40,9.076298094895e+39,4.719963108135e+36,2.513296709507e+42,1.118814420013e+37,8.879191234322e+23,
7.674065500298e+47,6.936804568970e+44,2.074325037182e+40,1.013500949766e+40,4.901911200624e+36,2.778037497249e+42,1.189628800287e+37,1.018440060964e+24,
8.805907283243e+47,9.261920042683e+44,2.332914914141e+40,1.127483549305e+40,5.084800857951e+36,3.069197928816e+42,1.265648449005e+37,1.173852694093e+24,
1.006343941717e+48,1.230466839924e+45,2.613280288165e+40,1.249747621451e+40,5.268222777038e+36,3.389144085771e+42,1.347306768711e+37,1.371890692897e+24,
1.145520557956e+48,1.626610455775e+45,2.916064238026e+40,1.380428752751e+40,5.451750702470e+36,3.740411657278e+42,1.435077433984e+37,1.592838121321e+24,
1.298978042837e+48,2.139730641387e+45,3.241822067558e+40,1.519626816827e+40,5.634942884776e+36,4.125711945722e+42,1.529478544928e+37,1.842073663281e+24,
1.467572508924e+48,2.801002553241e+45,3.591015741326e+40,1.667405077710e+40,5.817343684371e+36,4.547937153891e+42,1.631077253055e+37,2.119822859266e+24,
1.652154311752e+48,3.648913883583e+45,3.964009372598e+40,1.823789681688e+40,5.998485314559e+36,5.010164784931e+42,1.740494918362e+37,2.432858063271e+24,
1.853563747794e+48,4.730709577907e+45,4.361065797427e+40,1.988769530248e+40,6.177889715599e+36,5.515660972215e+42,1.858412864374e+37,2.776130361368e+24,
2.072626904736e+48,6.104055239692e+45,4.782344248159e+40,2.162296520853e+40,6.355070550451e+36,6.067882542855e+42,1.985578807047e+37,3.161062826649e+24,
2.310151710002e+48,7.838937441109e+45,5.227899120220e+40,2.344286137103e+40,6.529535311501e+36,6.670477606302e+42,2.122814043876e+37,3.582585497611e+24,
2.566924218397e+48,1.001981753991e+46,5.697679808086e+40,2.534618365467e+40,6.700787526283e+36,7.327284448888e+42,2.271021501592e+37,4.048125689197e+24,
2.843705174128e+48,1.274805320752e+46,6.191531570177e+40,2.733138912090e+40,6.868329049042e+36,8.042328506474e+42,2.431194754628e+37,4.561629057861e+24,
3.141226876696e+48,1.614459864071e+46,6.709197368227e+40,2.939660690409e+40,7.031662423877e+36,8.819817181271e+42,2.604428142485e+37,5.120256632892e+24,
3.460190374178e+48,2.035299032061e+46,7.250320614666e+40,3.153965548186e+40,7.190293304226e+36,9.664132266065e+42,2.791928132464e+37,5.836780732504e+24,
3.801263001509e+48,2.554262018897e+46,7.814448751730e+40,3.375806201289e+40,7.343732912571e+36,1.057981973955e+43,2.995026095437e+37,6.699230623051e+24,
4.165076275589e+48,3.191229225443e+46,8.401037578436e+40,3.604908340885e+40,7.491500523527e+36,1.157157670156e+43,3.215192686824e+37,7.653868171586e+24,
4.552224153526e+48,3.969405198181e+46,9.009456236099e+40,3.840972880739e+40,7.633125952893e+36,1.264423522645e+43,3.454054053308e+37,8.710594691584e+24,
4.963261655072e+48,4.915727045315e+46,9.638992759744e+40,4.083678311844e+40,7.768152034773e+36,1.380274292805e+43,3.713410118713e+37,9.868255129172e+24,
5.398703845568e+48,6.061295735979e+46,1.028886010128e+41,4.332683132710e+40,7.896137068677e+36,1.505214004992e+43,3.995255240589e+37,1.112739166094e+25,
5.859025171322e+48,7.441826856670e+46,1.095820253067e+41,4.587628325073e+40,8.016657218324e+36,1.639753292230e+43,4.301801573452e+37,1.252074917915e+25,
6.344659135512e+48,9.098116549698e+46,1.164610232306e+41,4.848139846643e+40,8.129308844019e+36,1.784406365980e+43,4.635505526223e+37,1.403029596263e+25,
6.855998299361e+48,1.107651751584e+47,1.235158664336e+41,5.113831114588e+40,8.343346160987e+36,1.939687601494e+43,4.999097761596e+37,1.574721058712e+25,
7.393394590536e+48,1.342941915407e+47,1.307363454363e+41,5.384305455761e+40,9.018964820471e+36,2.106107734948e+43,5.395617255306e+37,1.784853625432e+25,
7.957159898396e+48,1.621572516303e+47,1.381118399458e+41,5.659158502089e+40,9.723513052266e+36,2.284169673990e+43,5.828450015406e+37,2.013808638024e+25,
8.547566933944e+48,1.950132127043e+47,1.456313887778e+41,5.937980512078e+40,1.045632061551e+37,2.474363929400e+43,6.301373157787e+37,2.263340191145e+25,
9.164850331045e+48,2.335952521459e+47,1.532837587252e+41,6.220358601911e+40,1.121660782091e+37,2.677163682326e+43,6.818605146921e+37,2.535495687854e+25,
9.809207964566e+48,2.787151070319e+47,1.610575117743e+41,6.505878872131e+40,1.200349242214e+37,2.893019508780e+43,7.384863143210e+37,2.830075937059e+25,
1.048080246072e+49,3.312669683954e+47,1.689410701465e+41,6.794128418343e+40,1.281599711228e+37,3.122353790949e+43,8.005428554047e+37,3.149157770124e+25,
1.117976287477e+49,3.922309445513e+47,1.769227787123e+41,7.084697216747e+40,1.365305750735e+37,3.365554852964e+43,8.686222069152e+37,3.530949380084e+25,
1.190618651158e+49,4.626760093147e+47,1.849909643942e+41,7.377179877506e+40,1.451353050141e+37,3.622970867250e+43,9.433889677264e+37,3.954450147258e+25,
1.266014086503e+49,5.437623544172e+47,1.931339922465e+41,7.671177261076e+40,1.539620288131e+37,3.894903586132e+43,1.025590141712e+38,4.412920578053e+25,
1.344166565313e+49,6.367430709429e+47,2.013403179636e+41,7.966297954527e+40,1.629980009461e+37,4.181601961775e+43,1.116066491864e+38,4.906986675132e+25,
1.425077492678e+49,7.429650921041e+47,2.095985366306e+41,8.262159606647e+40,1.722299507072e+37,4.483255725891e+43,1.215765614950e+38,5.442191990028e+25,
1.508745923115e+49,8.638693390408e+47,2.178974275896e+41,8.558390122202e+40,1.816441700283e+37,4.799989008316e+43,1.264680400068e+38,6.018555662080e+25,
1.595168780023e+49,1.000990022362e+48,2.262259953474e+41,8.854628717118e+40,1.912266000621e+37,5.131854080734e+43,1.264680400068e+38,6.641498204221e+25,
1.684341076629e+49,1.155953064625e+48,2.345735064984e+41,9.150526837582e+40,2.009629157731e+37,5.478825318042e+43,1.264680400068e+38,7.307925998375e+25,
1.776256136767e+49,1.330473622571e+48,2.429295226818e+41,9.445748947109e+40,2.108386078683e+37,5.840793474901e+43,1.264680400068e+38,8.029945854334e+25,
1.870905813976e+49,1.526352702366e+48,2.512839296288e+41,9.739973186495e+40,2.208390614895e+37,6.217560378835e+43,1.264680400068e+38,8.828873069980e+25,
1.968280707558e+49,1.745472876035e+48,2.596269623911e+41,1.003289191233e+41,2.309496311787e+37,6.608834143379e+43,1.264680400068e+38,9.794457776553e+25,
2.068370374398e+49,1.989793122238e+48,2.679492268685e+41,1.032421212030e+41,2.411557117123e+37,7.014225005276e+43,1.264680400068e+38,1.086564529542e+26,
2.171163535486e+49,2.261342829329e+48,2.762417177798e+41,1.061365575992e+41,2.514428044860e+37,7.433241888226e+43,1.264680400068e+38,1.205398505760e+26,
2.276648276240e+49,2.562215012703e+48,2.844958332396e+41,1.090095994782e+41,2.617965792083e+37,7.865289792201e+43,1.264680400068e+38,1.337228961727e+26,
2.384812239855e+49,2.894558811628e+48,2.927033861189e+41,1.118587708658e+41,2.722029307344e+37,8.309668101696e+43,1.264680400068e+38,1.483477279535e+26,
2.495642813053e+49,3.260571342613e+48,3.008566123808e+41,1.146817489665e+41,2.826480309414e+37,8.765569898340e+43,1.264680400068e+38,1.645720293147e+26,
2.609127303715e+49,3.662488996729e+48,3.089481765893e+41,1.174763636846e+41,2.931183756052e+37,9.232082353393e+43,1.264680400068e+38,1.825707289648e+26,
2.725253110001e+49,4.102578276956e+48,3.169711747952e+41,1.202405964221e+41,3.036008262973e+37,9.708188263323e+43,1.264680400068e+38,2.025378869882e+26,
2.844007880678e+49,4.583126278319e+48,3.249191350055e+41,1.229725782213e+41,3.140826473663e+37,1.019276877756e+44,1.264680400068e+38,2.246887871798e+26,
2.965379666469e+49,5.106430918341e+48,3.327860154425e+41,1.256705873256e+41,3.245515381130e+37,1.068460735139e+44,1.264680400068e+38,2.492622582128e+26,
3.089357062310e+49,5.674791028028e+48,3.405662007965e+41,1.283330462213e+41,3.349956603068e+37,1.118239493932e+44,1.264680400068e+38,2.765232486640e+26,
3.215929340518e+49,6.290496414259e+48,3.482544966725e+41,1.309585182277e+41,3.454036612163e+37,1.168473642524e+44,1.264680400068e+38,3.067656836617e+26,
3.345086574908e+49,6.955818003155e+48,3.558461224245e+41,1.335457036947e+41,3.557646923593e+37,1.219015826579e+44,1.264680400068e+38,3.403156339552e+26,
3.476819755987e+49,7.672998170813e+48,3.633367025657e+41,1.360934358673e+41,3.660684241924e+37,1.269711730265e+44,1.264680400068e+38,3.775348315753e+26,
3.611120897390e+49,8.444241362898e+48,3.707222569331e+41,1.386006764693e+41,3.763050569778e+37,1.320401067880e+44,1.264680400068e+38,4.188245699913e+26,
3.747983133780e+49,9.271705098171e+48,3.779991897787e+41,1.410665110600e+41,3.864653280762e+37,1.370918677347e+44,1.264680400068e+38,4.646300308146e+26,
3.887400810477e+49,1.015749144323e+49,3.851642779470e+41,1.434901442078e+41,3.965405159201e+37,1.421095705054e+44,1.264680400068e+38,5.154450836999e+26,
4.029369565101e+49,1.110363903693e+49,3.922146582919e+41,1.458708945277e+41,4.065224409268e+37,1.470760869675e+44,1.264680400068e+38,5.718176111962e+26,
4.173886401564e+49,1.211211573313e+49,3.991478144737e+41,1.482081896201e+41,4.164034636103e+37,1.519741790955e+44,1.264680400068e+38,6.343554159584e+26,
4.320949756728e+49,1.318481192019e+49,4.059615632685e+41,1.505015609492e+41,4.261764801470e+37,1.567866367914e+44,1.264680400068e+38,7.037327740114e+26,
4.470559560124e+49,1.432353456464e+49,4.126540405099e+41,1.527506386937e+41,4.358349156483e+37,1.614964189774e+44,1.264680400068e+38,7.806977047238e+26,
4.622717287066e+49,1.553000201586e+49,4.192236867762e+41,1.549551465995e+41,4.453727153847e+37,1.660867961914e+44,1.264680400068e+38,8.660800358733e+26,
4.777426005557e+49,1.680583959736e+49,4.256692329236e+41,1.571148968619e+41,4.547843341957e+37,1.705414928600e+44,1.264680400068e+38,9.608003507628e+26,
4.934690417371e+49,1.815257599997e+49,4.319896855570e+41,1.592297850602e+41,4.640647243149e+37,1.748448273902e+44,1.264680400068e+38,1.065879913852e+27,
5.094516893672e+49,1.957164048180e+49,4.381843125223e+41,1.612997851669e+41,4.732093218230e+37,1.789818482316e+44,1.264680400068e+38,1.182451681925e+27,
5.256913505573e+49,2.106436087028e+49,4.442526284938e+41,1.633249446488e+41,4.822140319340e+37,1.829384640993e+44,1.264680400068e+38,1.311772519509e+27,
5.421890049984e+49,2.263196235264e+49,4.501943807222e+41,1.653053796757e+41,4.910752133063e+37,1.867015666290e+44,1.264680400068e+38,1.455236750255e+27,
5.589458071131e+49,2.427556703309e+49,4.560095350013e+41,1.672412704518e+41,4.997896615569e+37,1.902591438411e+44,1.264680400068e+38,1.614391190391e+27,
5.759630878094e+49,2.599619422754e+49,4.616982619031e+41,1.691328566791e+41,5.083545921460e+37,1.936003829383e+44,1.264680400068e+38,1.790951826331e+27,
5.932423558711e+49,2.779476146055e+49,4.672609233267e+41,1.709804331633e+41,5.167676227847e+37,1.967157611278e+44,1.264680400068e+38,1.986822316258e+27,
6.107852990175e+49,2.967208612346e+49,4.726980593945e+41,1.727843455701e+41,5.250267555076e+37,1.995971233574e+44,1.264680400068e+38,2.204114515166e+27,
6.285937846659e+49,3.162888774864e+49,4.780103757304e+41,1.745449863361e+41,5.331303585393e+37,2.022377460712e+44,1.264680400068e+38,2.445171244661e+27,
6.466698604250e+49,3.366579085082e+49,4.831987311426e+41,1.762627907409e+41,5.410771480702e+37,2.046323863221e+44,1.264680400068e+38,2.712591553015e+27,
6.650157543513e+49,3.578332828409e+49,4.882641257324e+41,1.779382331411e+41,5.488661700479e+37,2.067773158219e+44,1.264680400068e+38,3.009258737832e+27,
6.836338749939e+49,3.798194506148e+49,4.932076894455e+41,1.795718233703e+41,5.564967820789e+37,2.086703397597e+44,1.264680400068e+38,3.338371433454e+27,
7.025268112545e+49,4.026200258284e+49,4.980306710752e+41,1.811641033032e+41,5.639686355223e+37,2.103108004674e+44,1.264680400068e+38,3.703478098308e+27,
7.216973320888e+49,4.262378321677e+49,5.027344277276e+41,1.827156435854e+41,5.712816578502e+37,2.116995662526e+44,1.264680400068e+38,4.108515274006e+27,
7.411483860699e+49,4.506749518280e+49,5.073204147518e+41,1.842270405276e+41,5.784360353402e+37,2.128390059576e+44,1.264680400068e+38,4.557850028720e+27,
7.608831008382e+49,4.759327768113e+49,5.117901761360e+41,1.856989131606e+41,5.854321961522e+37,2.137329500162e+44,1.264680400068e+38,5.056327042457e+27,
7.809047824563e+49,5.020120621873e+49,5.161453353695e+41,1.871319004504e+41,5.922707938403e+37,2.143866389853e+44,1.264680400068e+38,5.609320841884e+27,
8.012169146892e+49,5.289129808297e+49,5.203875867659e+41,1.885266586697e+41,5.989526913369e+37,2.148066606974e+44,1.264680400068e+38,6.222793747910e+27,
8.218231582261e+49,5.566351791618e+49,5.245186872414e+41,1.898838589210e+41,6.054789454423e+37,2.149989085900e+44,1.264680400068e+38,6.903360160805e+27,
8.427273498621e+49,5.851778334742e+49,5.285404485418e+41,1.912041848094e+41,6.118507918472e+37,2.149989085900e+44,1.264680400068e+38,7.658357875961e+27,
8.639335016524e+49,6.145397064067e+49,5.324547299074e+41,1.924883302587e+41,6.180696307057e+37,2.149989085900e+44,1.264680400068e+38,8.495927199235e+27,
8.854458000555e+49,6.447192032201e+49,5.362634311671e+41,1.937369974675e+41,6.241370127772e+37,2.149989085900e+44,1.264680400068e+38,9.425098714865e+27,
9.072686050765e+49,6.757144275136e+49,5.399684862482e+41,1.949508950000e+41,6.300546261446e+37,2.149989085900e+44,1.264680400068e+38,1.045589065228e+28,
9.294064494225e+49,7.075232360805e+49,5.435718570916e+41,1.961307360063e+41,6.358242835161e+37,2.149989085900e+44,1.264680400068e+38,1.159941690160e+28,
9.518640376816e+49,7.401432926241e+49,5.470755279575e+41,1.972772365678e+41,6.414479101119e+37,2.149989085900e+44,1.264680400068e+38,1.286800684242e+28,
9.746462455336e+49,7.735721200942e+49,5.504815001085e+41,1.983911141619e+41,6.469275321359e+37,2.149989085900e+44,1.264680400068e+38,1.427533827789e+28,
9.977581190033e+49,8.078071514310e+49,5.537917868569e+41,1.994730862411e+41,6.522652658254e+37,2.149989085900e+44,1.264680400068e+38,1.583658490733e+28,
1.021204873762e+50,8.428457785404e+49,5.570084089603e+41,2.005238689209e+41,6.574633070744e+37,2.149989085900e+44,1.264680400068e+38,1.756857992749e+28,
1.044991894489e+50,8.786853993495e+49,5.601333903513e+41,2.015441757727e+41,6.625239216191e+37,2.149989085900e+44,1.264680400068e+38,1.948999752629e+28,
1.069124734287e+50,9.153234628242e+49,5.631687541884e+41,2.025347167149e+41,6.674494357761e+37,2.149989085900e+44,1.264680400068e+38,2.162155422592e+28,
1.093609114179e+50,9.527575118531e+49,5.661165192110e+41,2.034961969981e+41,6.722422277190e+37,2.149989085900e+44,1.264680400068e+38,2.398623224625e+28,
1.118450922672e+50,9.909852239320e+49,5.689786963855e+41,2.044293162794e+41,6.769047192789e+37,2.149989085900e+44,1.264680400068e+38,2.660952729668e+28,
1.143656215395e+50,1.030004449600e+50,5.717572858286e+41,2.053347677812e+41,6.814393682555e+37,2.149989085900e+44,1.264680400068e+38,2.951972346816e+28,
1.169231214825e+50,1.069813248608e+50,5.744542739920e+41,2.062132375294e+41,6.858486612189e+37,2.149989085900e+44,1.264680400068e+38,3.274819818936e+28,
1.195182310102e+50,1.110409923806e+50,5.770716310967e+41,2.070654036666e+41,6.901351067886e+37,2.149989085900e+44,1.264680400068e+38,3.632976053473e+28,
1.221516056920e+50,1.151793052775e+50,5.796113088024e+41,2.078919358363e+41,6.943012293692e+37,2.149989085900e+44,1.264680400068e+38,4.030302653230e+28,
1.248239177522e+50,1.193961517215e+50,5.820752380983e+41,2.086934946330e+41,6.983495633269e+37,2.149989085900e+44,1.264680400068e+38,4.471083551763e+28,
1.275358560781e+50,1.236914530140e+50,5.844653274046e+41,2.094707311155e+41,7.022826475864e+37,2.149989085900e+44,1.264680400068e+38,4.960071202301e+28,
1.302881262379e+50,1.280651660937e+50,5.867834608699e+41,2.102242863775e+41,7.061030206327e+37,2.149989085900e+44,1.264680400068e+38,5.502537818198e+28,
1.330814505079e+50,1.325172858334e+50,5.890314968548e+41,2.109547911743e+41,7.098132158966e+37,2.149989085900e+44,1.264680400068e+38,6.104332217379e+28,
1.359165679098e+50,1.370478471375e+50,5.912112665887e+41,2.116628655987e+41,7.134157575078e+37,2.149989085900e+44,1.264680400068e+38,6.771942883680e+28,
1.387942342580e+50,1.416569268448e+50,5.933245729897e+41,2.123491188065e+41,7.169131563966e+37,2.149989085900e+44,1.264680400068e+38,7.512567925000e+28,
1.417152222161e+50,1.463446454487e+50,5.953731896367e+41,2.130141487847e+41,7.203079067271e+37,2.149989085900e+44,1.264680400068e+38,8.334192682540e+28,
1.446803213644e+50,1.511111686399e+50,5.973588598835e+41,2.136585421617e+41,7.236024826441e+37,2.149989085900e+44,1.264680400068e+38,9.245675827909e+28,
1.476903382766e+50,1.559567086839e+50,5.992832961054e+41,2.142828740553e+41,7.267993353171e+37,2.149989085900e+44,1.264680400068e+38,1.025684487639e+29,
1.507460966067e+50,1.608815256406e+50,6.011481790694e+41,2.148877079565e+41,7.299008902646e+37,2.149989085900e+44,1.264680400068e+38,1.137860214619e+29,
1.538484371866e+50,1.658859284368e+50,6.029551574187e+41,2.154735956453e+41,7.329095449433e+37,2.149989085900e+44,1.264680400068e+38,1.262304230604e+29,
1.569982181325e+50,1.709702757996e+50,6.047058472630e+41,2.160410771371e+41,7.358276665860e+37,2.149989085900e+44,1.264680400068e+38,1.400358277871e+29,
1.601963149626e+50,1.761349770627e+50,6.064018318679e+41,2.165906806567e+41,7.386575902735e+37,2.149989085900e+44,1.264680400068e+38,1.553510840618e+29,
1.634436207240e+50,1.813804928521e+50,6.080446614341e+41,2.171229226378e+41,7.414016172264e+37,2.149989085900e+44,1.264680400068e+38,1.723413193648e+29,
1.667410461295e+50,1.867073356625e+50,6.096358529609e+41,2.176383077452e+41,7.440620133020e+37,2.149989085900e+44,1.264680400068e+38,1.911897206240e+29,
1.700895197052e+50,1.921160703328e+50,6.111768901866e+41,2.181373289194e+41,7.466410076850e+37,2.149989085900e+44,1.264680400068e+38,2.120995093167e+29,
1.734899879466e+50,1.976073144289e+50,6.126692235990e+41,2.186204674397e+41,7.491407917560e+37,2.149989085900e+44,1.264680400068e+38,2.352961325827e+29,
1.769434154860e+50,2.031817385437e+50,6.141142705111e+41,2.190881930048e+41,7.515635181294e+37,2.149989085900e+44,1.264680400068e+38,2.610296939712e+29,
1.804507852684e+50,2.088400665205e+50,6.155134151956e+41,2.195409638303e+41,7.539112998456e+37,2.149989085900e+44,1.264680400068e+38,2.895776500311e+29,
1.840130987381e+50,2.145830756103e+50,6.168680090728e+41,2.199792267595e+41,7.561862097096e+37,2.149989085900e+44,1.264680400068e+38,3.212478018182e+29,
1.876313760342e+50,2.204115965672e+50,6.181793709478e+41,2.204034173877e+41,7.583902797625e+37,2.149989085900e+44,1.264680400068e+38,3.563816135739e+29,
1.913066561965e+50,2.263265136924e+50,6.194487872917e+41,2.208139601980e+41,7.605255008782e+37,2.149989085900e+44,1.264680400068e+38,3.953578943567e+29,
1.950399973803e+50,2.323287648317e+50,6.206775125618e+41,2.212112687069e+41,7.625938224751e+37,2.149989085900e+44,1.264680400068e+38,4.385968823212e+29,
1.988324770810e+50,2.384193413322e+50,6.218667695586e+41,2.215957456197e+41,7.645971523328e+37,2.149989085900e+44,1.264680400068e+38,4.865647756824e+29,
2.026851923685e+50,2.445992879675e+50,6.230177498139e+41,2.219677829933e+41,7.665373565072e+37,2.149989085900e+44,1.264680400068e+38,5.397787592148e+29,
2.065992601304e+50,2.508697028325e+50,6.241316140073e+41,2.223277624060e+41,7.684162593345e+37,2.149989085900e+44,1.264680400068e+38,5.988125804851e+29,
2.105758173252e+50,2.572317372179e+50,6.252094924079e+41,2.226760551336e+41,7.702356435171e+37,2.149989085900e+44,1.264680400068e+38,6.643027359372e+29,
2.146160212443e+50,2.636865954654e+50,6.262524853376e+41,2.230130223303e+41,7.719972502846e+37,2.149989085900e+44,1.264680400068e+38,7.369553335304e+29,
2.187210497841e+50,2.702355348109e+50,6.272616636541e+41,2.233390152138e+41,7.737027796228e+37,2.149989085900e+44,1.264680400068e+38,8.175537059211e+29,
2.228921017267e+50,2.768798652184e+50,6.282380692490e+41,2.236543752542e+41,7.753538905641e+37,2.149989085900e+44,1.264680400068e+38,9.069668562725e+29,
2.271303970300e+50,2.836209492102e+50,6.291827155616e+41,2.239594343657e+41,7.769522015345e+37,2.149989085900e+44,1.264680400068e+38,1.006158827756e+30,
2.314371771275e+50,2.904602016952e+50,6.300965881024e+41,2.242545151002e+41,7.784992907504e+37,2.149989085900e+44,1.264680400068e+38,1.116199097761e+30,
2.358137052368e+50,2.973990897998e+50,6.309806449881e+41,2.245399308424e+41,7.799966966617e+37,2.149989085900e+44,1.264680400068e+38,1.238274108892e+30,
2.402612666778e+50,3.044391327053e+50,6.318358174823e+41,2.248159860068e+41,7.814459184340e+37,2.149989085900e+44,1.264680400068e+38,1.373700061062e+30,
2.447811691995e+50,3.115819014923e+50,6.326630105435e+41,2.250829762341e+41,7.828484164679e+37,2.149989085900e+44,1.264680400068e+38,1.523937102626e+30,
2.493747433170e+50,3.188290189971e+50,6.334631033766e+41,2.253411885882e+41,7.842056129496e+37,2.149989085900e+44,1.264680400068e+38,1.690605073545e+30,
2.540433426566e+50,3.261821596811e+50,6.342369499872e+41,2.255909017534e+41,7.855188924293e+37,2.149989085900e+44,1.264680400068e+38,1.875500970329e+30,
2.587883443111e+50,3.336430495162e+50,6.349853797369e+41,2.258323862297e+41,7.867896024245e+37,2.149989085900e+44,1.264680400068e+38,2.080618321067e+30,
2.636111492037e+50,3.412134658865e+50,6.357091978991e+41,2.260659045282e+41,7.880190540434e+37,2.149989085900e+44,1.264680400068e+38,2.308168679432e+30,
2.685131824616e+50,3.488952375105e+50,6.364091862134e+41,2.262917113647e+41,7.892085226267e+37,2.149989085900e+44,1.264680400068e+38,2.560605469426e+30,
2.734958937987e+50,3.566902443833e+50,6.370861034381e+41,2.265100538512e+41,7.903592484036e+37,2.149989085900e+44,1.264680400068e+38,2.840650437934e+30,
2.785607579073e+50,3.646004177408e+50,6.377406858989e+41,2.267211716864e+41,7.914724371615e+37,2.149989085900e+44,1.264680400068e+38,3.151323000315e+30,
2.837092748604e+50,3.726277400478e+50,6.383736480346e+41,2.269252973437e+41,7.925492609236e+37,2.149989085900e+44,1.264680400068e+38,3.495972795420e+30,
2.889429705214e+50,3.807742450098e+50,6.389856829373e+41,2.271226562566e+41,7.935908586354e+37,2.149989085900e+44,1.264680400068e+38,3.878315801045e+30,
2.942633969654e+50,3.890420176108e+50,6.395774628876e+41,2.273134670020e+41,7.945983368561e+37,2.149989085900e+44,1.264680400068e+38,4.302474399211e+30,
2.996721329083e+50,3.974331941769e+50,6.401496398836e+41,2.274979414806e+41,7.955727704540e+37,2.149989085900e+44,1.264680400068e+38,4.773021823256e+30,
3.051707841466e+50,4.059499624665e+50,6.407028461632e+41,2.276762850952e+41,7.965152033029e+37,2.149989085900e+44,1.264680400068e+38,5.295031465952e+30,
3.107609840063e+50,4.145945617889e+50,6.412376947196e+41,2.278486969250e+41,7.974266489793e+37,2.149989085900e+44,1.264680400068e+38,5.874131580295e+30,
3.164443938014e+50,4.233692831498e+50,6.417547798090e+41,2.280153698977e+41,7.983080914586e+37,2.149989085900e+44,1.264680400068e+38,6.516565962733e+30,
3.222227033027e+50,4.322764694262e+50,6.422546774508e+41,2.281764909587e+41,7.991604858077e+37,2.149989085900e+44,1.264680400068e+38,7.229261273121e+30,
3.280976312159e+50,4.413185155693e+50,6.427379459193e+41,2.283322412362e+41,7.999847588749e+37,2.149989085900e+44,1.264680400068e+38,8.019901717243e+30,
3.340709256699e+50,4.504978688366e+50,6.432051262266e+41,2.284827962042e+41,8.007818099745e+37,2.149989085900e+44,1.264680400068e+38,8.897011897105e+30,
3.401443647153e+50,4.598170290540e+50,6.436567425978e+41,2.286283258415e+41,8.015525115654e+37,2.149989085900e+44,1.264680400068e+38,9.870048722297e+30,
3.463197568323e+50,4.692785489064e+50,6.440933029367e+41,2.287689947877e+41,8.022977099232e+37,2.149989085900e+44,1.264680400068e+38,1.094950337340e+31,
3.525989414501e+50,4.788850342586e+50,6.445152992817e+41,2.289049624961e+41,8.030182258048e+37,2.149989085900e+44,1.264680400068e+38,1.214701441678e+31,
3.589837894751e+50,4.886391445050e+50,6.449232082542e+41,2.290363833826e+41,8.037148551047e+37,2.149989085900e+44,1.264680400068e+38,1.347549329040e+31,
3.654762038308e+50,4.985435929501e+50,6.453174914964e+41,2.291634069722e+41,8.043883695026e+37,2.149989085900e+44,1.264680400068e+38,1.494926351358e+31,
3.720781200077e+50,5.086011472181e+50,6.456985961002e+41,2.292861780414e+41,8.050395171015e+37,2.149989085900e+44,1.264680400068e+38,1.658421512165e+31,
3.787915066237e+50,5.188146296917e+50,6.460669550267e+41,2.294048367578e+41,8.056690230561e+37,2.149989085900e+44,1.264680400068e+38,1.839797599069e+31,
3.856183659957e+50,5.291869179819e+50,6.464229875166e+41,2.295195188161e+41,8.062775901911e+37,2.149989085900e+44,1.264680400068e+38,2.041010189936e+31,
3.925607347218e+50,5.397209454259e+50,6.467670994907e+41,2.296303555707e+41,8.068658996084e+37,2.149989085900e+44,1.264680400068e+38,2.264228737733e+31,
3.996206842750e+50,5.504197016156e+50,6.470996839413e+41,2.297374741657e+41,8.074346112839e+37,2.149989085900e+44,1.264680400068e+38,2.511859961334e+31,
4.068003216076e+50,5.612862329552e+50,6.474211213148e+41,2.298409976606e+41,8.079843646532e+37,2.149989085900e+44,1.264680400068e+38,2.786573794514e+31,
4.141017897672e+50,5.723236432480e+50,6.477317798839e+41,2.299410451542e+41,8.085157791854e+37,2.149989085900e+44,1.264680400068e+38,3.091332172893e+31,
4.215272685242e+50,5.835350943126e+50,6.480320161119e+41,2.300377319037e+41,8.090294549461e+37,2.149989085900e+44,1.264680400068e+38,3.429420969212e+31,
4.290789750110e+50,5.949238066286e+50,6.483221750068e+41,2.301311694425e+41,8.095259731481e+37,2.149989085900e+44,1.264680400068e+38,3.804485421268e+31,
4.367591643729e+50,6.064930600104e+50,6.486025904675e+41,2.302214656930e+41,8.100058966914e+37,2.149989085900e+44,1.264680400068e+38,4.220569434487e+31,
4.445701304308e+50,6.182461943114e+50,6.488735856198e+41,2.303087250781e+41,8.104697706902e+37,2.149989085900e+44,1.264680400068e+38,4.682159182881e+31,
4.525142063568e+50,6.301866101555e+50,6.491354731452e+41,2.303930486287e+41,8.109181229890e+37,2.149989085900e+44,1.264680400068e+38,5.194231478506e+31,
4.605937653610e+50,6.423177696988e+50,6.493885555997e+41,2.304745340885e+41,8.113514646668e+37,2.149989085900e+44,1.264680400068e+38,5.762307430928e+31,
4.688112213919e+50,6.546431974191e+50,6.496331257248e+41,2.305532760160e+41,8.117702905294e+37,2.149989085900e+44,1.264680400068e+38,6.392511975243e+31,
4.771690298487e+50,6.671664809341e+50,6.498694667498e+41,2.306293658837e+41,8.121750795899e+37,2.149989085900e+44,1.264680400068e+38,7.091639910479e+31,
4.856696883068e+50,6.798912718486e+50,6.500978526864e+41,2.307028921746e+41,8.125662955381e+37,2.149989085900e+44,1.264680400068e+38,7.867229160410e+31,
4.943157372566e+50,6.928212866299e+50,6.503185486143e+41,2.307739404756e+41,8.129443871978e+37,2.149989085900e+44,1.264680400068e+38,8.727642046650e+31,
5.031097608549e+50,7.059603075116e+50,6.505318109599e+41,2.308425935685e+41,8.133097889731e+37,2.149989085900e+44,1.264680400068e+38,9.682155450331e+31,
5.120543876907e+50,7.193121834258e+50,6.507378877664e+41,2.309089315188e+41,8.136629212832e+37,2.149989085900e+44,1.264680400068e+38,1.074106083445e+32,
5.211522915637e+50,7.328808309641e+50,6.509370189568e+41,2.309730317613e+41,8.140041909859e+37,2.149989085900e+44,1.264680400068e+38,1.191577520534e+32,
5.304061922776e+50,7.466702353662e+50,6.511294365891e+41,2.310349691831e+41,8.143339917907e+37,2.149989085900e+44,1.264680400068e+38,1.321896420965e+32,
5.398188564467e+50,7.606844515380e+50,6.513153651042e+41,2.310948162054e+41,8.146527046603e+37,2.149989085900e+44,1.264680400068e+38,1.466467869398e+32,
5.493930983177e+50,7.749276050967e+50,6.514950215671e+41,2.311526428611e+41,8.149606982017e+37,2.149989085900e+44,1.264680400068e+38,1.626850619965e+32,
5.591317806052e+50,7.894038934457e+50,6.516686159004e+41,2.312085168719e+41,8.152583290472e+37,2.149989085900e+44,1.264680400068e+38,1.804773902593e+32,
5.690378153429e+50,8.041175868771e+50,6.518363511117e+41,2.312625037215e+41,8.155459422240e+37,2.149989085900e+44,1.264680400068e+38,2.002156067379e+32,
5.791141647487e+50,8.190730297031e+50,6.519984235134e+41,2.313146667280e+41,8.158238715149e+37,2.149989085900e+44,1.264680400068e+38,2.221125268035e+32,
5.893638421065e+50,8.342746414159e+50,6.521550229372e+41,2.313650671131e+41,8.160924398082e+37,2.149989085900e+44,1.264680400068e+38,2.464042407425e+32,
5.997899126626e+50,8.497269178765e+50,6.523063329412e+41,2.314137640698e+41,8.163519594378e+37,2.149989085900e+44,1.264680400068e+38,2.733526592564e+32,
6.103954945376e+50,8.654344325320e+50,6.524525310111e+41,2.314608148278e+41,8.166027325143e+37,2.149989085900e+44,1.264680400068e+38,3.032483373556e+32,
6.211837596559e+50,8.814018376623e+50,6.525937887557e+41,2.315062747170e+41,8.168450512462e+37,2.149989085900e+44,1.264680400068e+38,3.364136070932e+32,
6.321579346893e+50,8.976338656553e+50,6.527302720961e+41,2.315501972290e+41,8.170791982518e+37,2.149989085900e+44,1.264680400068e+38,3.732060529147e+32,
6.433213020196e+50,9.141353303123e+50,6.528621414493e+41,2.315926340766e+41,8.173054468630e+37,2.149989085900e+44,1.264680400068e+38,4.140223670964e+32,
6.546772007159e+50,9.309111281814e+50,6.529895519063e+41,2.316336352521e+41,8.175240614189e+37,2.149989085900e+44,1.264680400068e+38,4.593026268394e+32,
6.662290275307e+50,9.479662399220e+50,6.531126534043e+41,2.316732490827e+41,8.177352975520e+37,2.149989085900e+44,1.264680400068e+38,5.095350391360e+32,
6.779802379122e+50,9.653057316984e+50,6.532315908944e+41,2.317115222851e+41,8.179394024656e+37,2.149989085900e+44,1.264680400068e+38,5.652612045653e+32,
6.899343470357e+50,9.829347566029e+50,6.533465045035e+41,2.317485000180e+41,8.181366152027e+37,2.149989085900e+44,1.264680400068e+38,6.270819567747e+32,
7.020949308515e+50,1.000858556111e+51,6.534575296913e+41,2.317842259331e+41,8.183271669075e+37,2.149989085900e+44,1.264680400068e+38,6.956638406041e+32,
7.144656271523e+50,1.019082461563e+51,6.535647974027e+41,2.318187422246e+41,8.185112810784e+37,2.149989085900e+44,1.264680400068e+38,7.717462987025e+32,
7.270501366588e+50,1.037611895684e+51,6.536684342150e+41,2.318520896765e+41,8.186891738142e+37,2.149989085900e+44,1.264680400068e+38,8.561496441210e+32,
7.398522241243e+50,1.056452374127e+51,6.537685624810e+41,2.318843077093e+41,8.188610540518e+37,2.149989085900e+44,1.264680400068e+38,9.497839048413e+32,
7.528757194588e+50,1.075609507049e+51,6.538653004671e+41,2.319154344249e+41,8.190271237982e+37,2.149989085900e+44,1.264680400068e+38,1.053658635602e+33,
7.661245188722e+50,1.095089000725e+51,6.539587624876e+41,2.319455066496e+41,8.191875783536e+37,2.149989085900e+44,1.264680400068e+38,1.168893802811e+33,
7.796025860384e+50,1.114896659187e+51,6.540490590342e+41,2.319745599764e+41,8.193426065296e+37,2.149989085900e+44,1.264680400068e+38,1.296731859905e+33,
7.933139532785e+50,1.135038385897e+51,6.541362969018e+41,2.320026288056e+41,8.194923908588e+37,2.149989085900e+44,1.264680400068e+38,1.438551143355e+33,
8.072627227656e+50,1.155520185454e+51,6.542205793104e+41,2.320297463844e+41,8.196371077997e+37,2.149989085900e+44,1.264680400068e+38,1.595880733738e+33,
8.214530677506e+50,1.176348165336e+51,6.543020060223e+41,2.320559448444e+41,8.197769279340e+37,2.149989085900e+44,1.264680400068e+38,1.770416942131e+33,
8.358892338085e+50,1.197528537670e+51,6.543806734569e+41,2.320812552394e+41,8.199120161581e+37,2.149989085900e+44,1.264680400068e+38,1.964041599551e+33,
8.505755401072e+50,1.219067621040e+51,6.544566748006e+41,2.321057075803e+41,8.200425318693e+37,2.149989085900e+44,1.264680400068e+38,2.178842346664e+33,
8.655163806984e+50,1.240971842329e+51,6.545301001139e+41,2.321293308700e+41,8.201686291449e+37,2.149989085900e+44,1.264680400068e+38,2.417135142505e+33,
8.807162258306e+50,1.263247738597e+51,6.546010364349e+41,2.321521531371e+41,8.202904569171e+37,2.149989085900e+44,1.264680400068e+38,2.681489234904e+33,
8.961796232855e+50,1.285901958986e+51,6.546695678790e+41,2.321742014677e+41,8.204081591412e+37,2.149989085900e+44,1.264680400068e+38,2.974754861846e+33,
9.119111997368e+50,1.308941266675e+51,6.547357757364e+41,2.321955020371e+41,8.205218749592e+37,2.149989085900e+44,1.264680400068e+38,3.300093982438e+33,
9.279156621339e+50,1.332372540859e+51,6.547997385654e+41,2.322160801401e+41,8.206317388581e+37,2.149989085900e+44,1.264680400068e+38,3.661014368816e+33,
9.441977991086e+50,1.356202778767e+51,6.548615322834e+41,2.322359602201e+41,8.207378808230e+37,2.149989085900e+44,1.264680400068e+38,4.061407426576e+33,
9.607624824071e+50,1.380439097725e+51,6.549212302543e+41,2.322551658976e+41,8.208404264855e+37,2.149989085900e+44,1.264680400068e+38,4.505590151504e+33,
9.776146683461e+50,1.405088737244e+51,6.549789033740e+41,2.322737199976e+41,8.209394972672e+37,2.149989085900e+44,1.264680400068e+38,4.998351674962e+33,
9.947593992953e+50,1.430159061159e+51,6.550346201521e+41,2.322916445763e+41,8.210352105188e+37,2.149989085900e+44,1.264680400068e+38,5.545004899803e+33,
1.012201805185e+51,1.455657559797e+51,6.550884467917e+41,2.323089609463e+41,8.211276796547e+37,2.149989085900e+44,1.264680400068e+38,6.151443783529e+33,
1.029947105040e+51,1.481591852191e+51,6.551404472661e+41,2.323256897020e+41,8.212170142832e+37,2.149989085900e+44,1.264680400068e+38,6.824206886321e+33,
1.048000608539e+51,1.507969688327e+51,6.551906833931e+41,2.323418507432e+41,8.213033203325e+37,2.149989085900e+44,1.264680400068e+38,7.570547869105e+33,
1.066367717608e+51,1.534798951441e+51,6.552392149074e+41,2.323574632985e+41,8.213867001729e+37,2.149989085900e+44,1.264680400068e+38,8.398513701759e+33,
1.085053928026e+51,1.562087660349e+51,6.552860995297e+41,2.323725459479e+41,8.214672527345e+37,2.149989085900e+44,1.264680400068e+38,9.317031424699e+33,
1.104064831079e+51,1.589843971822e+51,6.553313930343e+41,2.323871166442e+41,8.215450736219e+37,2.149989085900e+44,1.264680400068e+38,1.033600439928e+34,
1.123406115226e+51,1.618076183005e+51,6.553751493142e+41,2.324011927341e+41,8.216202552243e+37,2.149989085900e+44,1.264680400068e+38,1.146641908482e+34,
1.143083567803e+51,1.646792733875e+51,6.554174204438e+41,2.324147909786e+41,8.216928868227e+37,2.149989085900e+44,1.264680400068e+38,1.272046349340e+34,
1.163103076751e+51,1.676002209748e+51,6.554582567400e+41,2.324279275728e+41,8.217630546935e+37,2.149989085900e+44,1.264680400068e+38,1.411165859977e+34,
1.183470632383e+51,1.705713343824e+51,6.554977068213e+41,2.324406181645e+41,8.218308422079e+37,2.149989085900e+44,1.264680400068e+38,1.565500412307e+34,
1.204192329169e+51,1.735935019787e+51,6.555358176642e+41,2.324528778728e+41,8.218963299298e+37,2.149989085900e+44,1.264680400068e+38,1.736714025219e+34,
1.225274367564e+51,1.766676274440e+51,6.555726346587e+41,2.324647213060e+41,8.219595957086e+37,2.149989085900e+44,1.264680400068e+38,1.926652705858e+34,
1.246723055861e+51,1.797946300392e+51,6.556082016613e+41,2.324761625783e+41,8.220207147701e+37,2.149989085900e+44,1.264680400068e+38,2.137364353076e+34,
1.268544812079e+51,1.829754448798e+51,6.556425610467e+41,2.324872153269e+41,8.220797598042e+37,2.149989085900e+44,1.264680400068e+38,2.371120837663e+34,
1.290746165881e+51,1.862110232133e+51,6.556757537571e+41,2.324978927277e+41,8.221368010497e+37,2.149989085900e+44,1.264680400068e+38,2.630442497419e+34,
1.313333760529e+51,1.895023327031e+51,6.557078193510e+41,2.325082075110e+41,8.221919063760e+37,2.149989085900e+44,1.264680400068e+38,2.918125311171e+34,
1.336314354872e+51,1.928503577160e+51,6.557387960491e+41,2.325181719765e+41,8.222451413628e+37,2.149989085900e+44,1.264680400068e+38,3.237271044720e+34,
1.359694825366e+51,1.962560996161e+51,6.557687207797e+41,2.325277980076e+41,8.222965693764e+37,2.149989085900e+44,1.264680400068e+38,3.591320693756e+34,
1.383482168133e+51,1.997205770627e+51,6.557976292219e+41,2.325370970857e+41,8.223462516438e+37,2.149989085900e+44,1.264680400068e+38,3.984091584311e+34,
1.407683501052e+51,2.032448263138e+51,6.558255558477e+41,2.325460803033e+41,8.223942473249e+37,2.149989085900e+44,1.264680400068e+38,4.419818530763e+34,
1.432306065894e+51,2.068299015355e+51,6.558525339629e+41,2.325547583778e+41,8.224406135814e+37,2.149989085900e+44,1.264680400068e+38,4.903199495163e+34,
1.457357230479e+51,2.104768751160e+51,6.558785957458e+41,2.325631416634e+41,8.224854056438e+37,2.149989085900e+44,1.264680400068e+38,5.439446240164e+34,
1.482844490891e+51,2.141868379855e+51,6.559037722858e+41,2.325712401639e+41,8.225286768766e+37,2.149989085900e+44,1.264680400068e+38,6.034340521699e+34,
1.508775473713e+51,2.179608999417e+51,6.559280936198e+41,2.325790635440e+41,8.225704788404e+37,2.149989085900e+44,1.264680400068e+38,6.694296427262e+34,
1.535157938313e+51,2.218001899811e+51,6.559515887674e+41,2.325866211414e+41,8.226108613532e+37,2.149989085900e+44,1.264680400068e+38,7.426429531929e+34,
1.561999779161e+51,2.257058566355e+51,6.559742857659e+41,2.325939219773e+41,8.226498725484e+37,2.149989085900e+44,1.264680400068e+38,8.238633617732e+34,
1.589309028200e+51,2.296790683154e+51,6.559962117028e+41,2.326009747671e+41,8.226875589315e+37,2.149989085900e+44,1.264680400068e+38,9.139665783591e+34,
1.617093857237e+51,2.337210136583e+51,6.560173927479e+41,2.326077879312e+41,8.227239654352e+37,2.149989085900e+44,1.264680400068e+38,1.013924086343e+35,
1.645362580400e+51,2.378329018839e+51,6.560378541848e+41,2.326143696043e+41,8.227591354721e+37,2.149989085900e+44,1.264680400068e+38,1.124813617050e+35,
1.674123656616e+51,2.420159631553e+51,6.560576204402e+41,2.326207276456e+41,8.227931109858e+37,2.149989085900e+44,1.264680400068e+38,1.247830769721e+35,
1.703385692147e+51,2.462714489462e+51,6.560767151130e+41,2.326268696478e+41,8.228259325004e+37,2.149989085900e+44,1.264680400068e+38,1.384301902343e+35,
1.733157443166e+51,2.506006324147e+51,6.560951610027e+41,2.326328029464e+41,8.228576391684e+37,2.149989085900e+44,1.264680400068e+38,1.535698432295e+35,
1.763447818373e+51,2.550048087838e+51,6.561129801356e+41,2.326385346279e+41,8.228882688170e+37,2.149989085900e+44,1.264680400068e+38,1.703652701020e+35,
1.794265881664e+51,2.594852957284e+51,6.561301937916e+41,2.326440715387e+41,8.229178579925e+37,2.149989085900e+44,1.264680400068e+38,1.889975573755e+35,
1.825620854840e+51,2.640434337689e+51,6.561468225291e+41,2.326494202929e+41,8.229464420036e+37,2.149989085900e+44,1.264680400068e+38,2.096675964094e+35,
1.857522120369e+51,2.686805866719e+51,6.561628862095e+41,2.326545872805e+41,8.229740549633e+37,2.149989085900e+44,1.264680400068e+38,2.325982493877e+35,
1.889979224194e+51,2.733981418576e+51,6.561784040208e+41,2.326595786746e+41,8.230007298290e+37,2.149989085900e+44,1.264680400068e+38,2.580367521959e+35,
1.923001878585e+51,2.781975108148e+51,6.561933945001e+41,2.326644004389e+41,8.230264984416e+37,2.149989085900e+44,1.264680400068e+38,2.862573800925e+35,
1.956599965050e+51,2.830801295225e+51,6.562078755560e+41,2.326690583348e+41,8.230513915633e+37,2.149989085900e+44,1.264680400068e+38,3.175644049155e+35,
1.990783537288e+51,2.880474588792e+51,6.562218644897e+41,2.326735579283e+41,8.230754389137e+37,2.149989085900e+44,1.264680400068e+38,3.522953757096e+35,
2.025562824201e+51,2.931009851400e+51,6.562353780153e+41,2.326779045966e+41,8.230986692054e+37,2.149989085900e+44,1.264680400068e+38,3.908247581444e+35,
2.060948232950e+51,2.982422203603e+51,6.562484322801e+41,2.326821035343e+41,8.231211101777e+37,2.149989085900e+44,1.264680400068e+38,4.335679719638e+35,
2.096950352074e+51,3.034727028485e+51,6.562610428835e+41,2.326861597599e+41,8.231427886298e+37,2.149989085900e+44,1.264680400068e+38,4.809858699978e+35,
2.133579954655e+51,3.087939976256e+51,6.562732248958e+41,2.326900781213e+41,8.231637304520e+37,2.149989085900e+44,1.264680400068e+38,5.335897070296e+35,
2.170848001542e+51,3.142076968934e+51,6.562849928756e+41,2.326938633023e+41,8.231839606573e+37,2.149989085900e+44,1.264680400068e+38,5.919466520903e+35,
2.208765644633e+51,3.197154205103e+51,6.562963608876e+41,2.326975198272e+41,8.232035034101e+37,2.149989085900e+44,1.264680400068e+38,6.566859036159e+35,
2.247344230209e+51,3.253188164761e+51,6.563073425195e+41,2.327010520673e+41,8.232223820556e+37,2.149989085900e+44,1.264680400068e+38,7.285054733988e+35,
2.286595302332e+51,3.310195614245e+51,6.563179508974e+41,2.327044642451e+41,8.232406191472e+37,2.149989085900e+44,1.264680400068e+38,8.081797124770e+35,
2.326530606295e+51,3.368193611249e+51,6.563281987021e+41,2.327077604399e+41,8.232582364734e+37,2.149989085900e+44,1.264680400068e+38,8.965676601057e+35,
2.367162092143e+51,3.427199509923e+51,6.563380981839e+41,2.327109445925e+41,8.232752550836e+37,2.149989085900e+44,1.264680400068e+38,9.946223058282e+35,
2.408501918243e+51,3.487230966062e+51,6.563476611775e+41,2.327140205099e+41,8.232916953130e+37,2.149989085900e+44,1.264680400068e+38,1.103400864509e+36,
2.450562454923e+51,3.548305942393e+51,6.563568991154e+41,2.327169918699e+41,8.233075768070e+37,2.149989085900e+44,1.264680400068e+38,1.224076175111e+36,
2.493356288178e+51,3.610442713940e+51,6.563658230424e+41,2.327198622254e+41,8.233229185446e+37,2.149989085900e+44,1.264680400068e+38,1.357949346126e+36,
2.536896223431e+51,3.673659873496e+51,6.563744436280e+41,2.327226350086e+41,8.233377388606e+37,2.149989085900e+44,1.264680400068e+38,1.506463783985e+36,
2.581195289365e+51,3.737976337184e+51,6.563827711796e+41,2.327253135351e+41,8.233520554677e+37,2.149989085900e+44,1.264680400068e+38,1.671220755718e+36,
2.626266741828e+51,3.803411350112e+51,6.563908156547e+41,2.327279010081e+41,8.233658854775e+37,2.149989085900e+44,1.264680400068e+38,1.853996653643e+36,
2.672124067790e+51,3.869984492135e+51,6.563985866724e+41,2.327304005218e+41,8.233792454208e+37,2.149989085900e+44,1.264680400068e+38,2.056762148243e+36,
2.718780989387e+51,3.937715683707e+51,6.564060935254e+41,2.327328150655e+41,8.233921512675e+37,2.149989085900e+44,1.264680400068e+38,2.281703435727e+36,
2.766251468021e+51,4.006625191845e+51,6.564133451907e+41,2.327351475269e+41,8.234046184453e+37,2.149989085900e+44,1.264680400068e+38,2.531245809370e+36,
2.814549708543e+51,4.076733636189e+51,6.564203503405e+41,2.327374006955e+41,8.234166618581e+37,2.149989085900e+44,1.264680400068e+38,2.808079808764e+36,
2.863690163499e+51,4.148061995171e+51,6.564271173525e+41,2.327395772663e+41,8.234282959041e+37,2.149989085900e+44,1.264680400068e+38,3.115190228937e+36,
2.913687537457e+51,4.220631612294e+51,6.564336543196e+41,2.327416798425e+41,8.234395344925e+37,2.149989085900e+44,1.264680400068e+38,3.455888302098e+36,
2.964556791408e+51,4.294464202512e+51,6.564399690601e+41,2.327437109389e+41,8.234503910604e+37,2.149989085900e+44,1.264680400068e+38,3.833847398993e+36,
3.016313147240e+51,4.369581858733e+51,6.564460691267e+41,2.327456729852e+41,8.234608785885e+37,2.149989085900e+44,1.264680400068e+38,4.253142634802e+36,
3.068972092294e+51,4.446007058422e+51,6.564519618154e+41,2.327475683281e+41,8.234710096169e+37,2.149989085900e+44,1.264680400068e+38,4.718294806601e+36,
3.122549384001e+51,4.523762670331e+51,6.564576541745e+41,2.327493992348e+41,8.234807962599e+37,2.149989085900e+44,1.264680400068e+38,5.234319136121e+36,
3.177061054592e+51,4.602871961342e+51,6.564631530129e+41,2.327511678956e+41,8.234902502202e+37,2.149989085900e+44,1.264680400068e+38,5.806779343341e+36,
3.232523415902e+51,4.683358603421e+51,6.564684649079e+41,2.327528764262e+41,8.234993828034e+37,2.149989085900e+44,1.264680400068e+38,6.441847633930e+36,
3.288953064243e+51,4.765246680710e+51,6.564735962137e+41,2.327545268703e+41,8.235082049308e+37,2.149989085900e+44,1.264680400068e+38,7.146371247316e+36,
3.346366885377e+51,4.848560696724e+51,6.564785530685e+41,2.327561212026e+41,8.235167271531e+37,2.149989085900e+44,1.264680400068e+38,7.927946282908e+36,
3.404782059567e+51,4.933325581688e+51,6.564833414018e+41,2.327576613302e+41,8.235249596626e+37,2.149989085900e+44,1.264680400068e+38,8.794999600430e+36,
3.464216066716e+51,5.019566699997e+51,6.564879669419e+41,2.327591490957e+41,8.235329123051e+37,2.149989085900e+44,1.264680400068e+38,9.756879677443e+36,
3.524686691598e+51,5.107309857801e+51,6.564924352222e+41,2.327605862791e+41,8.235405945924e+37,2.149989085900e+44,1.264680400068e+38,1.082395740364e+37,
3.586212029182e+51,5.196581310727e+51,6.564967515883e+41,2.327619745997e+41,8.235480157129e+37,2.149989085900e+44,1.264680400068e+38,1.200773789870e+37,
3.648810490046e+51,5.287407771739e+51,6.565009212042e+41,2.327633157186e+41,8.235551845430e+37,2.149989085900e+44,1.264680400068e+38,1.332098455924e+37,
3.712500805883e+51,5.379816419125e+51,6.565049490581e+41,2.327646112403e+41,8.235621096575e+37,2.149989085900e+44,1.264680400068e+38,1.477785667247e+37,
3.777302035111e+51,5.473834904636e+51,6.565088399690e+41,2.327658627148e+41,8.235687993401e+37,2.149989085900e+44,1.264680400068e+38,1.639406208008e+37,
3.843233568570e+51,5.569491361751e+51,6.565125985921e+41,2.327670716396e+41,8.235752615928e+37,2.149989085900e+44,1.264680400068e+38,1.818702653859e+37,
3.910315135333e+51,5.666814414105e+51,6.565162294243e+41,2.327682394611e+41,8.235815041459e+37,2.149989085900e+44,1.264680400068e+38,2.017608160196e+37,
3.978566808599e+51,5.765833184043e+51,6.565197368098e+41,2.327693675766e+41,8.235875344670e+37,2.149989085900e+44,1.264680400068e+38,2.238267305242e+37,
4.048009011710e+51,5.866577301343e+51,6.565231249451e+41,2.327704573359e+41,8.235933597701e+37,2.149989085900e+44,1.264680400068e+38,2.483059212662e+37,
4.118662524254e+51,5.969076912079e+51,6.565263978840e+41,2.327715100430e+41,8.235989870239e+37,2.149989085900e+44,1.264680400068e+38,2.754623203021e+37,
4.190548488288e+51,6.073362687636e+51,6.565295595427e+41,2.327725269574e+41,8.236044229604e+37,2.149989085900e+44,1.264680400068e+38,3.055887250666e+37,
4.263688414663e+51,6.179465833897e+51,6.565326137042e+41,2.327735092961e+41,8.236096740829e+37,2.149989085900e+44,1.264680400068e+38,3.390099552833e+37,
4.338104189460e+51,6.287418100572e+51,6.565355640230e+41,2.327744582345e+41,8.236147466738e+37,2.149989085900e+44,1.264680400068e+38,3.760863551367e+37,
4.413818080540e+51,6.397251790703e+51,6.565384140293e+41,2.327753749081e+41,8.236196468017e+37,2.149989085900e+44,1.264680400068e+38,4.172176784655e+37,
4.490852744207e+51,6.508999770329e+51,6.565411671334e+41,2.327762604138e+41,8.236243803293e+37,2.149989085900e+44,1.264680400068e+38,4.628473988664e+37,
4.569231231990e+51,6.622695478319e+51,6.565438266297e+41,2.327771158112e+41,8.236289529201e+37,2.149989085900e+44,1.264680400068e+38,5.134674911794e+37,
4.648976997534e+51,6.738372936379e+51,6.565463957004e+41,2.327779421240e+41,8.236333700447e+37,2.149989085900e+44,1.264680400068e+38,5.696237359091e+37,
4.730113903627e+51,6.856066759233e+51,6.565488774200e+41,2.327787403409e+41,8.236376369884e+37,2.149989085900e+44,1.264680400068e+38,6.319216037724e+37,
4.812666229334e+51,6.975812164977e+51,6.565512747580e+41,2.327795114172e+41,8.236417588563e+37,2.149989085900e+44,1.264680400068e+38,7.010327838198e+37,
4.896658677264e+51,7.097644985622e+51,6.565535905832e+41,2.327802562756e+41,8.236457405805e+37,2.149989085900e+44,1.264680400068e+38,7.777024255167e+37,
4.982116380965e+51,7.221601677813e+51,6.565558276670e+41,2.327809758075e+41,8.236495869251e+37,2.149989085900e+44,1.264680400068e+38,8.627571728657e+37,
5.069064912440e+51,7.347719333737e+51,6.565579886864e+41,2.327816708740e+41,8.236533024925e+37,2.149989085900e+44,1.264680400068e+38,9.571140771956e+37,
5.157530289802e+51,7.476035692227e+51,6.565600762275e+41,2.327823423068e+41,8.236568917287e+37,2.149989085900e+44,1.264680400068e+38,1.061790484712e+38,
5.247538985057e+51,7.606589150047e+51,6.565620927884e+41,2.327829909095e+41,8.236603589283e+37,2.149989085900e+44,1.264680400068e+38,1.177915005418e+38,
5.339117932030e+51,7.739418773389e+51,6.565640407824e+41,2.327836174583e+41,8.236637082403e+37,2.149989085900e+44,1.264680400068e+38,1.306739681666e+38,
5.432294534421e+51,7.874564309557e+51,6.565659225407e+41,2.327842227030e+41,8.236669436724e+37,2.149989085900e+44,1.264680400068e+38,1.449653487549e+38,
5.527096674004e+51,8.012066198864e+51,6.565677403152e+41,2.327848073680e+41,8.236700690963e+37,2.149989085900e+44,1.264680400068e+38,1.608197304672e+38,
5.623552718973e+51,8.151965586733e+51,6.565694962815e+41,2.327853721530e+41,8.236730882520e+37,2.149989085900e+44,1.264680400068e+38,1.784080535774e+38,
5.721691532432e+51,8.294304336006e+51,6.565711925408e+41,2.327859177338e+41,8.236760047524e+37,2.149989085900e+44,1.264680400068e+38,1.979199535332e+38,
5.821542481027e+51,8.439125039474e+51,6.565728311234e+41,2.327864447635e+41,8.236788220875e+37,2.149989085900e+44,1.264680400068e+38,2.195658055850e+38,
5.923135443736e+51,8.586471032620e+51,6.565744139901e+41,2.327869538727e+41,8.236815436287e+37,2.149989085900e+44,1.264680400068e+38,2.435789930302e+38,
6.026500820814e+51,8.736386406589e+51,6.565759430353e+41,2.327874456708e+41,8.236841726330e+37,2.149989085900e+44,1.264680400068e+38,2.702184235270e+38,
6.131669542881e+51,8.888916021376e+51,6.565774200890e+41,2.327879207465e+41,8.236867122464e+37,2.149989085900e+44,1.264680400068e+38,2.997713206095e+38,
6.238673080185e+51,9.044105519257e+51,6.565788469189e+41,2.327883796681e+41,8.236891655082e+37,2.149989085900e+44,1.264680400068e+38,3.325563205020e+38,
6.347543452018e+51,9.202001338441e+51,6.565802252326e+41,2.327888229851e+41,8.236915353541e+37,2.149989085900e+44,1.264680400068e+38,3.689269076206e+38,
6.458313236293e+51,9.362650726967e+51,6.565815566798e+41,2.327892512280e+41,8.236938246203e+37,2.149989085900e+44,1.264680400068e+38,4.092752258055e+38,
6.571015579297e+51,9.526101756846e+51,6.565828428540e+41,2.327896649093e+41,8.236960360465e+37,2.149989085900e+44,1.264680400068e+38,4.540363063743e+38,
6.685684205608e+51,9.692403338439e+51,6.565840852943e+41,2.327900645241e+41,8.236981722792e+37,2.149989085900e+44,1.264680400068e+38,5.036927585838e+38,
6.802353428184e+51,9.861605235099e+51,6.565852854880e+41,2.327904505508e+41,8.237002358749e+37,2.149989085900e+44,1.264680400068e+38,5.587799730726e+38,
6.921058158637e+51,1.003375807806e+52,6.565864448714e+41,2.327908234513e+41,8.237022293033e+37,2.149989085900e+44,1.264680400068e+38,6.198918943859e+38,
7.041833917674e+51,1.020891338158e+52,6.565875648321e+41,2.327911836719e+41,8.237041549501e+37,2.149989085900e+44,1.264680400068e+38,6.876874248238e+38,
7.164716845726e+51,1.038712355837e+52,6.565886467105e+41,2.327915316438e+41,8.237060151199e+37,2.149989085900e+44,1.264680400068e+38,7.628975286557e+38,
7.289743713769e+51,1.056844193527e+52,6.565896918015e+41,2.327918677835e+41,8.237078120390e+37,2.149989085900e+44,1.264680400068e+38,8.463331133009e+38,
7.416951934318e+51,1.075292276920e+52,6.565907013560e+41,2.327921924933e+41,8.237095478579e+37,2.149989085900e+44,1.264680400068e+38,9.388937724464e+38,
7.546379572631e+51,1.094062126340e+52,6.565916765823e+41,2.327925061619e+41,8.237112246540e+37,2.149989085900e+44,1.264680400068e+38,1.041577485372e+39,
7.678065358093e+51,1.113159358398e+52,6.565926186475e+41,2.327928091645e+41,8.237128444342e+37,2.149989085900e+44,1.264680400068e+38,1.155491377056e+39,
7.812048695807e+51,1.132589687665e+52,6.565935286792e+41,2.327931018641e+41,8.237144091371e+37,2.149989085900e+44,1.264680400068e+38,1.281863655082e+39,
7.948369678389e+51,1.152358928390e+52,6.565944077667e+41,2.327933846107e+41,8.237159206354e+37,2.149989085900e+44,1.264680400068e+38,1.422056852045e+39,
8.087069097958e+51,1.172472996236e+52,6.565952569621e+41,2.327936577429e+41,8.237173807381e+37,2.149989085900e+44,1.264680400068e+38,1.577582516230e+39,
8.228188458351e+51,1.192937910051e+52,6.565960772818e+41,2.327939215877e+41,8.237187911927e+37,2.149989085900e+44,1.264680400068e+38,1.750117508970e+39,
8.371769987534e+51,1.213759793667e+52,6.565968697076e+41,2.327941764607e+41,8.237201536873e+37,2.149989085900e+44,1.264680400068e+38,1.941522084386e+39,
8.517856650244e+51,1.234944877736e+52,6.565976351881e+41,2.327944226671e+41,8.237214698527e+37,2.149989085900e+44,1.264680400068e+38,2.153859946455e+39,
8.666492160845e+51,1.256499501592e+52,6.565983746393e+41,2.327946605015e+41,8.237227412641e+37,2.149989085900e+44,1.264680400068e+38,2.389420499644e+39,
8.817720996406e+51,1.278430115150e+52,6.565990889465e+41,2.327948902486e+41,8.237239694433e+37,2.149989085900e+44,1.264680400068e+38,2.650743533030e+39,
8.971588410011e+51,1.300743280833e+52,6.565997789645e+41,2.327951121834e+41,8.237251558602e+37,2.149989085900e+44,1.264680400068e+38,2.940646604039e+39,
9.128140444303e+51,1.323445675538e+52,6.566004455192e+41,2.327953265716e+41,8.237263019348e+37,2.149989085900e+44,1.264680400068e+38,3.262255417054e+39,
9.287423945259e+51,1.346544092633e+52,6.566010894085e+41,2.327955336698e+41,8.237274090389e+37,2.149989085900e+44,1.264680400068e+38,3.619037524428e+39,
9.449486576209e+51,1.370045443991e+52,6.566017114031e+41,2.327957337257e+41,8.237284784975e+37,2.149989085900e+44,1.264680400068e+38,4.014839713269e+39,
9.614376832097e+51,1.393956762056e+52,6.566023122474e+41,2.327959269790e+41,8.237295115906e+37,2.149989085900e+44,1.264680400068e+38,4.453929481096e+39,
9.782144053996e+51,1.418285201950e+52,6.566028926606e+41,2.327961136609e+41,8.237305095549e+37,2.149989085900e+44,1.264680400068e+38,4.941041047546e+39,
9.952838443867e+51,1.443038043613e+52,6.566034533375e+41,2.327962939948e+41,8.237314735847e+37,2.149989085900e+44,1.264680400068e+38,5.481426398229e+39,
1.012651107959e+52,1.468222693981e+52,6.566039949491e+41,2.327964681967e+41,8.237324048339e+37,2.149989085900e+44,1.264680400068e+38,6.080911911089e+39,
1.030321393023e+52,1.493846689202e+52,6.566045181437e+41,2.327966364749e+41,8.237333044171e+37,2.149989085900e+44,1.264680400068e+38,6.745961175794e+39,
1.048299987163e+52,1.519917696893e+52,6.566050235476e+41,2.327967990311e+41,8.237341734111e+37,2.149989085900e+44,1.264680400068e+38,7.483744683480e+39,
1.066592270216e+52,1.546443518432e+52,6.566055117657e+41,2.327969560596e+41,8.237350128560e+37,2.149989085900e+44,1.264680400068e+38,8.302217138230e+39,
1.085203715890e+52,1.573432091294e+52,6.566059833823e+41,2.327971077485e+41,8.237358237565e+37,2.149989085900e+44,1.264680400068e+38,9.210203223858e+39,
1.104139893396e+52,1.600891491426e+52,6.566064389621e+41,2.327972542793e+41,8.237366070833e+37,2.149989085900e+44,1.264680400068e+38,1.021749275072e+40,
1.123406469116e+52,1.628829935664e+52,6.566068790502e+41,2.327973958275e+41,8.237373637739e+37,2.149989085900e+44,1.264680400068e+38,1.133494620842e+40,
1.143009208301e+52,1.657255784191e+52,6.566073041735e+41,2.327975325624e+41,8.237380947340e+37,2.149989085900e+44,1.264680400068e+38,1.257461186245e+40,
1.162953976792e+52,1.686177543037e+52,6.566077148408e+41,2.327976646478e+41,8.237388008385e+37,2.149989085900e+44,1.264680400068e+38,1.394985565735e+40,
1.183246742779e+52,1.715603866629e+52,6.566081115437e+41,2.327977922417e+41,8.237394829327e+37,2.149989085900e+44,1.264680400068e+38,1.547550532689e+40,
1.203893578583e+52,1.745543560376e+52,6.566084947570e+41,2.327979154968e+41,8.237401418329e+37,2.149989085900e+44,1.264680400068e+38,1.716801026515e+40,
1.224900662478e+52,1.776005583306e+52,6.566088649394e+41,2.327980345608e+41,8.237407783279e+37,2.149989085900e+44,1.264680400068e+38,1.904561888211e+40,
1.246274280537e+52,1.806999050747e+52,6.566092225340e+41,2.327981495760e+41,8.237413931794e+37,2.149989085900e+44,1.264680400068e+38,2.112857535618e+40,
1.268020828510e+52,1.838533237056e+52,6.566095679689e+41,2.327982606803e+41,8.237419871234e+37,2.149989085900e+44,1.264680400068e+38,2.343933790468e+40,
1.290146813746e+52,1.870617578388e+52,6.566099016574e+41,2.327983680065e+41,8.237425608709e+37,2.149989085900e+44,1.264680400068e+38,2.600282092607e+40,
1.312658857130e+52,1.903261675529e+52,6.566102239992e+41,2.327984716831e+41,8.237431151085e+37,2.149989085900e+44,1.264680400068e+38,2.884666362434e+40,
1.335563695073e+52,1.936475296761e+52,6.566105353799e+41,2.327985718343e+41,8.237436504998e+37,2.149989085900e+44,1.264680400068e+38,3.200152801196e+40,
1.358868181524e+52,1.970268380790e+52,6.566108361723e+41,2.327986685799e+41,8.237441676855e+37,2.149989085900e+44,1.264680400068e+38,3.550142950453e+40,
1.382579290018e+52,2.004651039715e+52,6.566111267364e+41,2.327987620357e+41,8.237446672847e+37,2.149989085900e+44,1.264680400068e+38,3.938410367136e+40,
1.406704115770e+52,2.039633562060e+52,6.566114074201e+41,2.327988523136e+41,8.237451498954e+37,2.149989085900e+44,1.264680400068e+38,4.369141309644e+40,
1.431249877792e+52,2.075226415849e+52,6.566116785593e+41,2.327989395217e+41,8.237456160953e+37,2.149989085900e+44,1.264680400068e+38,4.846979873638e+40,
1.456223921055e+52,2.111440251737e+52,6.566119404785e+41,2.327990237643e+41,8.237460664424e+37,2.149989085900e+44,1.264680400068e+38,5.377078064195e+40,
1.481633718687e+52,2.148285906203e+52,6.566121934914e+41,2.327991051423e+41,8.237465014758e+37,2.149989085900e+44,1.264680400068e+38,5.965151344180e+40,
1.507486874210e+52,2.185774404786e+52,6.566124379006e+41,2.327991837530e+41,8.237469217161e+37,2.149989085900e+44,1.264680400068e+38,6.617540257768e+40,
1.533791123815e+52,2.223916965386e+52,6.566126739989e+41,2.327992596906e+41,8.237473276665e+37,2.149989085900e+44,1.264680400068e+38,7.341278793523e+40,
1.560554338676e+52,2.262725001624e+52,6.566129020688e+41,2.327993330460e+41,8.237477198127e+37,2.149989085900e+44,1.264680400068e+38,8.144170224119e+40,
1.587784527305e+52,2.302210126256e+52,6.566131223833e+41,2.327994039070e+41,8.237480986243e+37,2.149989085900e+44,1.264680400068e+38,9.034871240410e+40,
1.615489837950e+52,2.342384154644e+52,6.566133352060e+41,2.327994723584e+41,8.237484645547e+37,2.149989085900e+44,1.264680400068e+38,1.002298528695e+41,
1.643678561033e+52,2.383259108296e+52,6.566135407919e+41,2.327995384822e+41,8.237488180417e+37,2.149989085900e+44,1.264680400068e+38,1.111916610534e+41,
1.672359131629e+52,2.424847218464e+52,6.566137393869e+41,2.327996023574e+41,8.237491595087e+37,2.149989085900e+44,1.264680400068e+38,1.233523260172e+41,
1.701540131993e+52,2.467160929799e+52,6.566139312288e+41,2.327996640606e+41,8.237494893643e+37,2.149989085900e+44,1.264680400068e+38,1.368429627698e+41,
1.731230294126e+52,2.510212904080e+52,6.566141165471e+41,2.327997236656e+41,8.237498080033e+37,2.149989085900e+44,1.264680400068e+38,1.518090259361e+41,
1.761438502388e+52,2.554016023999e+52,6.566142955638e+41,2.327997812437e+41,8.237501158072e+37,2.149989085900e+44,1.264680400068e+38,1.684118780331e+41,
1.792173796157e+52,2.598583397019e+52,6.566144684932e+41,2.327998368640e+41,8.237504131443e+37,2.149989085900e+44,1.264680400068e+38,1.868305292635e+41,
1.823445372534e+52,2.643928359295e+52,6.566146355421e+41,2.327998905929e+41,8.237507003707e+37,2.149989085900e+44,1.264680400068e+38,2.072635675854e+41,
1.855262589095e+52,2.690064479663e+52,6.566147969106e+41,2.327999424947e+41,8.237509778301e+37,2.149989085900e+44,1.264680400068e+38,2.299312998661e+41,
1.887634966691e+52,2.737005563704e+52,6.566149527918e+41,2.327999926317e+41,8.237512458546e+37,2.149989085900e+44,1.264680400068e+38,2.550781272078e+41,
